100000000
106051
150472
170026
170027
170028
170029
170030
170031
170032
170033
170034
170035
170036
170037
170038
170039
170040
170041
170042
170043
170044
170045
170046
170047
170048
170049
170050
201392
2362968
2362969
2362970
2362971
2362972
2362973
2362974
2362975
2362976
2362977
2362978
2362979
2362980
2362981
2362982
2362983
2362984
2362985
2362986
2362987
2362988
2362989
2362990
2362991
2362992
2362993
2362994
2362995
2362996
2362997
2362998
2362999
2363000
2363001
2363002
2363003
2363004
2363005
2363006
2363007
2363008
2363009
2363010
2363011
2363012
2363013
2363014
2363015
2363016
2363017
2363018
2363019
2363020
2363021
2363022
2363023
2363024
2363025
2363026
2363027
2363028
2363029
2363030
2363031
2363032
2363033
2363034
2363035
2363036
2363037
2363038
2363039
2363040
2363041
2363042
2363043
2363044
2363045
2363046
2363047
2363048
2363049
2363050
2363051
2363052
2363053
2363054
2363055
2363056
2363057
2363058
2363059
2363060
2363061
2363062
2363063
2363064
2363065
2363066
2363067
2363068
2363069
2363070
2363071
2363072
2363073
2363074
2363075
2363076
2363077
2363078
2363079
2363080
2363081
2363082
2363083
2363084
2363085
2363086
2363087
2363088
2363089
2363090
2363091
2363092
2363093
2363094
2363095
2363096
2363097
2363098
2363099
2363100
2363101
2363102
2363103
2363104
2363105
2363106
2363107
2363108
2363109
2363110
2363111
2363112
2363113
2363114
2363115
2363116
2363117
2363118
2363119
2363120
2363121
2363122
2363123
2363124
2363125
2363126
2363127
2363128
2363129
2363130
2363131
2363132
2363133
2363134
2363135
2363136
2363137
2363138
2363139
2363140
2363141
2363142
2363143
2363144
2363145
2363146
2363147
2363148
2363149
2363150
2363151
2363152
2363153
2363154
2363155
2363156
2363157
2363158
2363159
2363160
2363161
2363162
2363163
2363164
2363165
2363166
2363167
2363168
2363169
2363170
2363171
2363172
2363173
2363174
2363175
2363176
2363177
2363178
2363179
2363180
2363181
2363182
2363183
2363184
2363185
2363186
2363187
2363188
2363189
2363190
2363191
2363192
2363193
2363194
2363195
2363196
2363197
2363198
2363199
2363200
2363201
2363202
2363203
2363204
2363205
2363206
2363207
2363208
2363209
2363210
2363211
2363212
2363213
2363214
2363215
2363216
2363217
2363218
2363219
2363220
2363221
2363222
2363223
2363224
2363225
2363226
2363227
2363228
2363229
2363230
2363231
2363232
2363233
2363234
2363235
2363236
2363237
2363238
2363239
2363240
2363241
2363242
2363243
2363244
2363245
2363246
2363247
2363248
2363249
2363250
2363251
2363252
2363253
2363254
2363255
2363256
2363257
2363258
2363259
2363260
2363261
2363262
2363263
2363264
2363265
2363266
2363267
2363268
2363269
2363270
2363271
2363272
2363273
2363274
2363275
2363276
2363277
2363278
2363279
2363280
2363281
2363282
2363283
2363284
2363285
2363286
2363287
2363288
2363289
2363290
2363291
2363292
2363293
2363294
2363295
2363296
2363297
2363298
2363299
2363300
2363301
2363302
2363303
2363304
2363305
2363306
2363307
2363308
2363309
2363310
2363311
2363312
2363313
2363314
2363315
2363316
2363317
2363318
2363319
2363320
2363321
2363322
2363323
2363324
2363325
2363326
2363327
2363328
2363329
2363330
2363331
2363332
2363333
2363334
2363335
2363336
2363337
2363338
2363339
2363340
2363341
2363342
2363343
2363344
2363345
2363346
2363347
2363348
2363349
2363350
2363351
2363352
2363353
2363354
2363355
2363356
2363357
2363358
2363359
2363360
2363361
2363362
2363363
2363364
2363365
2363366
2363367
2363368
2363369
2363370
2363371
2363372
2363373
2363374
2363375
2363376
2363377
2363378
2363379
2363380
2363381
2363382
2363383
2363384
2363385
2363386
2363387
2363388
2363389
2363390
2363391
2363392
2363393
2363394
2363395
2363396
2363397
2363398
2363399
2363400
2363401
2363402
2363403
2363404
2363405
2363406
2363407
2363408
2363409
2363410
2363411
2363412
2363413
2363414
2363415
2363416
2363417
2363418
2363419
2363420
2363421
2363422
2363423
2363424
2363425
2363426
2363427
2363428
2363429
2363430
2363431
2363432
2363433
2363434
2363435
2363436
2363437
2363438
2363439
2363440
2363441
2363442
2363443
2363444
2363445
2363446
2363447
2363448
2450646
2722472
2742682
2808894
2808933
355686
358768
921245
100000000
100000000
