100000000
1029522
1029523
1057647
1057648
1057649
1057650
1057651
1057652
1057653
1057654
1057655
1057656
1057657
1057658
1057659
1057660
1057661
1130497
1134281
1134282
1134283
1134284
1134285
1134286
1134287
1134288
1134289
1134290
1134291
1134292
1134293
1134294
1134295
1134296
1134297
1134298
1134299
1134300
1134301
1134302
1134303
1134304
1134305
1134306
1134307
1134308
1134309
1134310
1134311
1134312
1134313
1134314
1134315
1134316
1134317
1134318
1134319
1134320
1134321
1134322
1134323
1134324
1134325
1134326
1134327
1134328
1134329
1134330
1134331
1134332
1134333
1134334
1134335
1134336
1134337
1134338
1134339
1134340
1134341
1134342
1134343
1134344
1134345
1134346
1134347
1134348
1134349
1134350
1134351
1134352
1134353
1134354
1134355
1134356
1134357
1134358
1134359
1134360
1134361
1134362
1134363
1134364
1134365
1134366
1134367
1134368
1134369
1134370
1134371
1134814
1134815
1134816
1134817
1134818
1134819
1134820
1134821
1134822
1134823
1134824
1134825
1134826
1134827
1134828
1134829
1134830
1134831
1134832
1134833
1134834
1134835
1134836
1134837
1134838
1134839
1134840
1134841
1134842
1134843
1134844
1134845
1134846
1134847
1134848
1134849
1134850
1134851
1134852
1134853
1134854
1134855
1134856
1134857
1134858
1134859
1134860
1134861
1134862
1134863
1134864
1134865
1134866
1134867
1134868
1134869
1134870
1134871
1134872
1134873
1134874
1134875
1134876
1134877
1134878
1134879
1134880
1134881
1134882
1134883
1134884
1134885
1134886
1134887
1134888
1134889
1134890
1134891
1134892
1134893
1134894
1134895
1134896
1134897
1134898
1134899
1134900
1134901
1134902
1134903
1134904
1134905
1134906
1134907
1134908
1134909
1134910
1134911
1134912
1134913
1134914
1134915
1134916
1134917
1134918
1134919
1134920
1134921
1134922
1134923
1134924
1134925
1134926
1134927
1134928
1134929
1134930
1134931
1134932
1134933
1134934
1184382
1184383
1184384
1184385
1184386
1184387
1184388
1184389
1184390
1184391
1184392
1184393
1184394
1184395
1184396
1184397
1184398
1184399
1184400
1184401
1184402
1184403
1184404
1184405
1184406
1184407
1184408
1184409
1184410
1184411
1184412
1184413
1184414
1184415
1184416
1184417
1184418
1184419
1184420
1184421
1184422
1184423
1184424
1184425
1184426
1184427
1184428
1184429
1184430
1184431
1184432
1184433
1184434
1184435
1184436
1184437
1184438
1184439
1184440
1184441
1184442
1184443
1184444
1184445
1213077
1213078
1213079
1213080
1213081
1213082
1213083
1213084
1213085
1213086
1213087
1213088
1213089
1213090
1213091
1213092
1213093
1213094
1213095
1213096
1213097
1213098
1213099
1213100
1213101
1213102
1213103
1213104
1213105
1213106
1213107
1213108
1213109
1213110
1213111
1213112
1213113
1213114
1213115
1213116
1213117
1213118
1213119
1213120
1213121
1213122
1213123
1213124
1213125
1213126
1213127
1213128
1213129
1213130
1213131
1213132
1213133
1213134
1213135
1213136
1213137
1213138
1213139
1213140
1213141
1213142
1213143
1213144
1213145
1213146
1213147
1213148
1213149
1213150
1213151
1213152
1213153
1213154
1213155
1213156
1213157
1213158
1213159
1213160
1213161
1213162
1213163
1213164
1213165
1213166
1213167
1213168
1213169
1213170
1213171
1213172
1213173
1213174
1213175
1213176
1213177
1213178
1213179
1213180
1213181
1213182
1213183
1213184
1213185
1213186
1213187
1213188
1213189
1213190
1213191
1213192
1213193
1213194
1213195
1213196
1213197
1213198
1213199
1213200
1213201
1213202
1213203
1213204
1213205
1213206
1213207
1213208
1213209
1213210
1213211
1213212
1213213
1213214
1213215
1213216
1213217
1213218
1213219
1213220
1213221
1213222
1213223
1213224
1213225
1213226
1213227
1213228
1213229
1213230
1213231
1213232
1213233
1213234
1213235
1213236
1213237
1213238
1213239
1213240
1213241
1213242
1213243
1213244
1213245
1213246
1213247
1213248
1213249
1213250
1213251
1213252
1213253
1213254
1213255
1213256
1213257
1213258
1213259
1213260
1213261
1213262
1213263
1213264
1213265
1213266
1213267
1213268
1213269
1213270
1213271
1213272
1213273
1213274
1408583
1408584
1408585
1409340
1454093
1454110
1517291
1524834
1525537
1525570
1525571
1525572
1525573
1525574
1525575
1621018
1643965
1726349
1902490
1902491
1902492
1902493
1902494
1902495
1902496
1902497
1902498
1902499
1902500
1902501
1902502
1902503
1902504
1902505
1902506
1902507
1902508
1902509
1902510
1902511
1902512
1902513
1902514
1902515
1902516
1902517
1902518
1902519
1902520
1902521
1902522
1902523
1902524
1902525
1902526
1902527
1902528
1902529
1902530
1902531
1902532
1902533
1902534
1902535
1902536
1902537
1902538
1902539
1902540
1902541
1902542
1902543
1902544
1902545
1902546
1902547
1902548
1902549
1902550
1902551
1902552
1902553
1902554
1902555
1902556
1902557
1902558
1902559
1902560
1902561
1902562
1902563
1902564
1902565
1902566
1902567
1902568
1902569
1902570
1902571
1902572
1902573
1902574
1902575
1902576
1902577
1902578
1902579
1902580
1902581
1902582
1902583
1902584
1902585
1902586
1902587
1902588
1902589
1902590
1902591
1902592
1902593
1902594
1902595
1902596
1902597
1902598
1902599
1902600
1902601
1902602
1902603
1902604
1902605
1902606
1902607
1902608
1902609
1902610
1902611
1902612
1902613
1902614
1902615
1902616
1902617
1902618
1902619
1902620
1902621
1902622
1902623
1902624
1902625
1902626
1902627
1902628
1902629
1902630
1902631
1902632
1902633
1902634
1902635
1902636
1902637
1902638
1902639
1902640
1902641
1902642
1902643
1902644
1902645
1902646
1902647
1902648
1902649
1902650
1902651
1902652
1902653
1902654
1902655
1902656
1902657
1902658
1902659
1902660
1902661
1902662
1902663
1902664
1902665
1902666
1902667
1902668
1902669
1902670
1902671
1902672
1902673
1902674
1902675
1902676
1902677
1902678
1902679
1902680
1902681
1902682
1902683
1902684
1902685
1902686
1902687
1902688
1902689
1902690
1902691
1902692
1902693
1902694
1902695
1902696
1902697
1902698
1902699
1902700
1902701
1902702
1902703
1902704
1902705
1902706
1902707
1902708
1902709
1902710
1902711
1902712
1902713
1902714
1902715
1902716
1902717
1902718
1902719
1902720
1902721
1902722
1902723
1902724
1902725
1902726
1902727
1902728
1902729
1902730
1902731
1902732
1902733
1902734
1902735
1902736
1902737
1902738
1902739
1902740
1902741
1902742
1902743
1902744
1902745
1902746
1902747
1902748
1902749
1902750
1902751
1902752
1902753
1902754
1902755
1902756
1902757
1902758
1902759
1902760
1902761
1902762
1902763
1902764
1902765
1902766
1902767
1902768
1902769
1902770
1902771
1902772
1902773
1902774
1902775
1902776
1902777
1902778
1902779
1902780
1902781
1902782
1902783
1902784
1902785
1902786
1902787
1902788
1902789
1902790
1902791
1902792
1902793
1902794
1902795
1902796
1902797
1902798
1902799
1902800
1902801
1902802
1902803
1902804
1902805
1902806
1902807
1902808
1902809
1902810
1902811
1902812
1902813
1902814
1902815
1902816
1902817
1902818
1902819
1902820
1902821
1902822
1902823
1902824
1902825
1902826
1902827
1902828
1902829
1902830
1902831
1902832
1902833
1902834
1902835
1902836
1902837
1902838
1902839
1902840
1902841
1902842
1902843
1902844
1902845
1902846
1902847
1902848
1902849
1902850
1902851
1902852
1902853
1902854
1902855
1902856
1902857
1902858
1902859
1902860
1902861
1902862
1902863
1902864
1902865
1902866
1902867
1902868
1902869
1902870
1902871
1902872
1902873
1902874
1902875
1902876
1902877
1902878
1902879
1902880
1902881
1902882
1902883
1902884
1902885
1902886
1902887
1902888
1902889
1902890
1902891
1902892
1902893
1902894
1902895
1902896
1902897
1902898
1902899
1902900
1902901
1902902
1902903
1902904
1902905
1902906
1902907
1902908
1902909
1902910
1902911
1902912
1902913
1902914
1902915
1902916
1902917
1902918
1902919
1902920
1902921
1902922
1902923
1902924
1902925
1902926
1902927
1902928
1902929
1902930
1902931
1902932
1902933
1902934
1902935
1902936
1902937
1902938
1902939
1902940
1902941
1902942
1902943
1902944
1902945
1902946
1902947
1902948
1902949
1902950
1902951
1902952
1902953
1902954
1902955
1902956
1902957
1902958
1902959
1902960
1902961
1902962
1902963
1902964
1902965
1902966
1902967
1902968
1902969
1902970
1902971
1902972
1902973
1902974
1902975
1902976
1902977
1902978
1902979
1902980
1902981
1902982
1902983
1902984
1902985
1902986
1902987
1902988
1902989
1902990
1902991
1902992
1902993
1902994
1902995
1902996
1902997
1902998
1902999
1903000
1903001
1903002
1903003
1903004
1903005
1903006
1903007
1903008
1903009
1903010
1903011
1903012
1903013
1903014
1903015
1903016
1903017
1903018
1903019
1903020
1903021
1903022
1903023
1903024
1903025
1903026
1903027
1903028
1903029
1903030
1903031
1903032
1903033
1903034
1903035
1903036
1903037
1903038
1903039
1903040
1903041
1903042
1903043
1903044
1903045
1903046
1903047
1903048
1903049
1903050
1903051
1903052
1903053
1903054
1903055
1903056
1903057
1903058
1903059
1903060
1903061
1903062
1903063
1903064
1903065
1903066
1903067
1903068
1903069
1903070
1903071
1903072
1903073
1903074
1903075
1903076
1903077
1903078
1903079
1903080
1903081
1903082
1903083
1903084
1903085
1903086
1903087
1903088
1903089
1903090
1903091
1903092
1903093
1903094
1903095
1903096
1903097
1903098
1903099
1903100
1903101
1903102
1903103
1903104
1903105
1903106
1903107
1903108
1903109
1903110
1903111
1903112
1903113
1903114
1903115
1903116
1903117
1903118
1903119
1903120
1903121
1903122
1903123
1903124
1903125
1903126
1903127
1903128
1903129
1903130
1903131
1903132
1903133
1903134
1903135
1903136
1903137
1903138
1903139
1903140
1903141
1903142
1903143
1903144
1903145
1903146
1903147
1903148
1903149
1903150
1903151
1903152
1903153
1903154
1903155
1903156
1903157
1903158
1903159
1903160
1903161
1903162
1903163
1903164
1903165
1903166
1903167
1903168
1903169
1903170
1903171
1903172
1903173
1903174
1903175
1903176
1903177
1903178
1903179
1903180
1903181
1903182
1903183
1903184
1903185
1903186
1903187
1903188
1903189
1903190
1903191
1903192
1903193
1903194
1903195
1903196
1903197
1903198
1903199
1903200
1903201
1903202
1903203
1903204
1903205
1903206
1903207
1903208
1903209
1903210
1903211
1903212
1903213
1903214
1903215
1903216
1903217
1903218
1903219
1903220
1903221
1903222
1903223
1903224
1903225
1903226
1903227
1903228
1903229
1903230
1903231
1903232
1903233
1903234
1903235
1903236
1903237
1903238
1903239
1903240
1903241
1903242
1903243
1903244
1903245
1903246
1903247
1903248
1903249
1903250
1903251
1903252
1903253
1903254
1903255
1903256
1903257
1903258
1903259
1903260
1903261
1903262
1903263
1903264
1903265
1903266
1903267
1903268
1903269
1903270
1903271
1903272
1903273
1903274
1903275
1903276
1903277
1903278
1903279
1903280
1903281
1903282
1903283
1903284
1903285
1903286
1903287
1903288
1903289
1903290
1903291
1903292
1903293
1903294
1903295
1903296
1903297
1903298
1903299
1903300
1903301
1903302
1903303
1903304
1903305
1903306
1903307
1903308
1903309
1903310
1903311
1903312
1903313
1903314
1903315
1903316
1903317
1903318
1903319
1903320
1903321
1903322
1903323
1903324
1903325
1903326
1903327
1903328
1903329
1903330
1903331
1903332
1903333
1903334
1903335
1903336
1903337
1903338
1903339
1903340
1903341
1903342
1903343
1903344
1903345
1903346
1903347
1903348
1903349
1903350
1903351
1903352
1903353
1903354
1903355
1903356
1903357
1903358
1903359
1903360
1903361
1903362
1903363
1903364
1903365
1903366
1903367
1903368
1903369
1903370
1903371
1903372
1903373
1903374
1903375
1903376
1903377
1903378
1903379
1903380
1903381
1903382
1903383
1903384
1903385
1903386
1903387
1903388
1903389
1903390
1903391
1903392
1903393
1903394
1903395
1903396
1903397
1903398
1903399
1903400
1903401
1903402
1903403
1903404
1903405
1903406
1903407
1903408
1903409
1903410
1903411
1903412
1903413
1903414
1903415
1903416
1903417
1903418
1903419
1903420
1903421
1903422
1903423
1903424
1903425
1903426
1903427
1903428
1903429
1903430
1903431
1903432
1903433
1903434
1903435
1903436
1903437
1903438
1903439
1903440
1903441
1903442
1903443
1903444
1903445
1903446
1903447
1903448
1903449
1903450
1903451
1903452
1903453
1903454
1903455
1903456
1903457
1903458
1903459
1903460
1903461
1903462
1903463
1903464
1903465
1903466
1903467
1903468
1903469
1903470
1903471
1903472
1903473
1903474
1903475
1903476
1903477
1903478
1903479
1903480
1903481
1903482
1903483
1903484
1903485
1903486
1903487
1903488
1903489
1903490
1903491
1903492
1903493
1903494
1903495
1903496
1903497
1903498
1903499
1903500
1903501
1903502
1903503
1903504
1903505
1903506
1903507
1903508
1903509
1903510
1903511
1903512
1903513
1903514
1903515
1903516
1903517
1903518
1903519
1903520
1903521
1903522
1903523
1903524
1903525
1903526
1903527
1903528
1903529
1903530
1903531
1903532
1903533
1903534
1903535
1903536
1903537
1903538
1903539
1903540
1903541
1903542
1903543
1903544
1903545
1903546
1903547
1903548
1903549
1903550
1903551
1903552
1903553
1903554
1903555
1903556
1903557
1903558
1903559
1903560
1903561
1903562
1903563
1903564
1903565
1903566
1903567
1903568
1903569
1903570
1903571
1903572
1903573
1903574
1903575
1903576
1903577
1903578
1903579
1903580
1903581
1903582
1903583
1903584
1903585
1903586
1903587
1903588
1903589
1903590
1903591
1903592
1903593
1903594
1903595
1903596
1903597
1903598
1903599
1903600
1903601
1903602
1903603
1903604
1903605
1903606
1903607
1903608
1903609
1903610
1903611
1903612
1903613
1903614
1903615
1903616
1903617
1903618
1903619
1903620
1903621
1903622
1903623
1903624
1903625
1903626
1903627
1903628
1903629
1903630
1903631
1903632
1903633
1903634
1903635
1903636
1903637
1903638
1903639
1903640
1903641
1903642
1903643
1903644
1903645
1903646
1903647
1903648
1903649
1903650
1903651
1903652
1903653
1903654
1903655
1903656
1903657
1903658
1903659
1903660
1903661
1903662
1903663
1903664
1903665
1903666
1903667
1903668
1903669
1903670
1903671
1903672
1903673
1903674
1903675
1903676
1903677
1903678
1903679
1903680
1903681
1903682
1903683
1903684
1903685
1903686
1903687
1903688
1903689
1903690
1903691
1903692
1903693
1903694
1903695
1903696
1903697
1903698
1903699
1903700
1903701
1903702
1903703
1903704
1903705
1903706
1903707
1903708
1903709
1903710
1903711
1903712
1903713
1903714
1903715
1903716
1903717
1903718
1903719
1903720
1903721
1903722
1903723
1903724
1903725
1903726
1903727
1903728
1903729
1903730
1903731
1903732
1903733
1903734
1903735
1903736
1903737
1903738
1903739
1903740
1903741
1903742
1903743
1903744
1903745
1903746
1903747
1903748
1903749
1903750
1903751
1903752
1903753
1903754
1903755
1903756
1903757
1903758
1903759
1903760
1903761
1903762
1903763
1903764
1903765
1903766
1903767
1903768
1903769
1903770
1903771
1903772
1903773
1903774
1903775
1903776
1903777
1903778
1903779
1903780
1903781
1903782
1903783
1903784
1903785
1903786
1903787
1903788
1903789
1903790
1903791
1903792
1903793
1903794
1903795
1903796
1903797
1903798
1903799
1903800
1903801
1903802
1903803
1903804
1903805
1903806
1903807
1903808
1903809
1903810
1903811
1903812
1903813
1903814
1903815
1903816
1903817
1903818
1903819
1903820
1903821
1903822
1903823
1903824
1903825
1903826
1903827
1903828
1903829
1903830
1903831
1903832
1903833
1903834
1903835
1903836
1903837
1903838
1903839
1903840
1903841
1903842
1903843
1903844
1903845
1903846
1903847
1903848
1903849
1903850
1903851
1903852
1903853
1903854
1903855
1903856
1903857
1903858
1903859
1903860
1903861
1903862
1903863
1903864
1903865
1903866
1903867
1903868
1903869
1903870
1903871
1903872
1903873
1903874
1903875
1903876
1903877
1903878
1903879
1903880
1903881
1903882
1903883
1903884
1903885
1903886
1903887
1903888
1903889
1903890
1903891
1903892
1903893
1903894
1903895
1903896
1903897
1903898
1903899
1903900
1903901
1903902
1903903
1903904
1903905
1903906
1903907
1903908
1903909
1903910
1903911
1903912
1903913
1903914
1903915
1903916
1903917
1903918
1903919
1903920
1903921
1903922
1903923
1903924
1903925
1903926
1903927
1903928
1903929
1903930
1903931
1903932
1903933
1903934
1903935
1903936
1903937
1903938
1903939
1903940
1903941
1903942
1903943
1903944
1903945
1903946
1903947
1903948
1903949
1903950
1903951
1903952
1903953
1903954
1903955
1903956
1903957
1903958
1903959
1903960
1903961
1903962
1903963
1903964
1903965
1903966
1903967
1903968
1903969
1903970
1903971
1903972
1903973
1903974
1903975
1903976
1903977
1903978
1903979
1903980
1903981
1903982
1903983
1903984
1903985
1903986
1903987
1903988
1903989
1903990
1903991
1903992
1903993
1903994
1903995
1903996
1903997
1903998
1903999
1904000
1904001
1904002
1904003
1904004
1904005
1904006
1904007
1904008
1904009
1904010
1904011
1904012
1904013
1904014
1904015
1904016
1904017
1904018
1904019
1904020
1904021
1904022
1904023
1904024
1904025
1904026
1904027
1904028
1904029
1904030
1904031
1904032
1904033
1904034
1904035
1904036
1904037
1904038
1904039
1904040
1904041
1904042
1904043
1904044
1904045
1904046
1904047
1904048
1904049
1904050
1904051
1904052
1904053
1904054
1904055
1904056
1904057
1904058
1904059
1904060
1904061
1904062
1904063
1904064
1904065
1904066
1904067
1904068
1904069
1904070
1904071
1904072
1904073
1904074
1904075
1904076
1904077
1904078
1904079
1904080
1904081
1904082
1904083
1904084
1904085
1904086
1904087
1904088
1904089
1904090
1904091
1904092
1904093
1904094
1904095
1904096
1904097
1904098
1904099
1904100
1904101
1904102
1904103
1904104
1904105
1904106
1904107
1904108
1904109
1904110
1904111
1904112
1904113
1904114
1904115
1904116
1904117
1904118
1904119
1904120
1904121
1904122
1904123
1904124
1904125
1904126
1904127
1904128
1904129
1904130
1904131
1904132
1904133
1904134
1904135
1904136
1904137
1904138
1904139
1904140
1904141
1904142
1904143
1904144
1904145
1904146
1904147
1904148
1904149
1904150
1904151
1904152
1904153
1904154
1904155
1904156
1904157
1904158
1904159
1904160
1904161
1904162
1904163
1904164
1904165
1904166
1904167
1904168
1904169
1904170
1904171
1904172
1904173
1904174
1904175
1904176
1904177
1904178
1904179
1904180
1904181
1904182
1904183
1904184
1904185
1904186
1904187
1904188
1904189
1904190
1904191
1904192
1904193
1904194
1904195
1904196
1904197
1904198
1904199
1904200
1904201
1904202
1904203
1904204
1904205
1904206
1904207
1904208
1904209
1904210
1904211
1904212
1904213
1904214
1904215
1904216
1904217
1904218
1904219
1904220
1904221
1904222
1904223
1904224
1904225
1904226
1904227
1904228
1904229
1904230
1904231
1904232
1904233
1904234
1904235
1904236
1904237
1904238
1904239
1904240
1904241
1904242
1904243
1904244
1904245
1904246
1904247
1904248
1904249
1904250
1904251
1904252
1904253
1904254
1904255
1904256
1904257
1904258
1904259
1904260
1904261
1904262
1904263
1904264
1904265
1904266
1904267
1904268
1904269
1904270
1904271
1904272
1904273
1904274
1904275
1904276
1904277
1904278
1904279
1904280
1904281
1904282
1904283
1904284
1904285
1904286
1904287
1904288
1904289
1904290
1904291
1904292
1904293
1904294
1904295
1904296
1904297
1904298
1904299
1904300
1904301
1904302
1904303
1904304
1904305
1904306
1904307
1904308
1904309
1904310
1904311
1904312
1904313
1904314
1904315
1904316
1904317
1904318
1904319
1904320
1904321
1904322
1904323
1904324
1904325
1904326
1904327
1904328
1904329
1904330
1904331
1904332
1904333
1904334
1904335
1904336
1904337
1904338
1904339
1904340
1904341
1904342
1904343
1904344
1904345
1904346
1904347
1904348
1904349
1904350
1904351
1904352
1904353
1904354
1904355
1904356
1904357
1904358
1904359
1904360
1904361
1904362
1904363
1904364
1904365
1904366
1904367
1904368
1904369
1904370
1904371
1904372
1904373
1904374
1904375
1904376
1904377
1904378
1904379
1904380
1904381
1904382
1904383
1904384
1904385
1904386
1904387
1904388
1904389
1904390
1904391
1904392
1904393
1904394
1904395
1904396
1904397
1904398
1904399
1904400
1904401
1904402
1904403
1904404
1904405
1904406
1904407
1904408
1904409
1904410
1904411
1904412
1904413
1904414
1904415
1904416
1904417
1904418
1904419
1904420
1904421
1904422
1904423
1904424
1904425
1904426
1904427
1904428
1904429
1904430
1904431
1904432
1904433
1904434
1904435
1904436
1904437
1904438
1904439
1904440
1904441
1904442
1904443
1904444
1904445
1904446
1904447
1904448
1904449
1904450
1904451
1904452
1904453
1904454
1904455
1904456
1904457
1904458
1904459
1904460
1904461
1904462
1904463
1904464
1904465
1904466
1904467
1904468
1904469
1904470
1904471
1904472
1904473
1904474
1904475
1904476
1904477
1904478
1904479
1904480
1904481
1904482
1904483
1904484
1904485
1904486
1904487
1904488
1904489
1904490
1904491
1904492
1904493
1904494
1904495
1904496
1904497
1904498
1904499
1904500
1904501
1904502
1904503
1904504
1904505
1904506
1904507
1904508
1904509
1904510
1904511
1904512
1904513
1904514
1904515
1904516
1904517
1904518
1904519
1904520
1904521
1904522
1904523
1904524
1904525
1904526
1904527
1904528
1904529
1904530
1904531
1904532
1904533
1904534
1904535
1904536
1904537
1904538
1904539
1904540
1904541
1904542
1904543
1904544
1904545
1904546
1904547
1904548
1904549
1904550
1904551
1904552
1904553
1904554
1904555
1904556
1904557
1904558
1904559
1904560
1904561
1904562
1904563
1904564
1904565
1904566
1904567
1904568
1904569
1904570
1904571
1904572
1904573
1904574
1904575
1904576
1904577
1904578
1904579
1904580
1904581
1904582
1904583
1904584
1904585
1904586
1904587
1904588
1904589
1904590
1904591
1904592
1904593
1904594
1904595
1904596
1904597
1904598
1904599
1904600
1904601
1904602
1904603
1904604
1904605
1904606
1904607
1904608
1904609
1904610
1904611
1904612
1904613
1904614
1904615
1904616
1904617
1904618
1904619
1904620
1904621
1904622
1904623
1904624
1904625
1904626
1904627
1904628
1904629
1904630
1904631
1904632
1904633
1904634
1904635
1904636
1904637
1904638
1904639
1904640
1904641
1904642
1904643
1904644
1904645
1904646
1904647
1904648
1904649
1904650
1904651
1904652
1904653
1904654
1904655
1904656
1904657
1904658
1904659
1904660
1904661
1904662
1904663
1904664
1904665
1904666
1904667
1904668
1904669
1904670
1904671
1904672
1904673
1904674
1904675
1904676
1904677
1904678
1904679
1904680
1904681
1904682
1904683
1904684
1904685
1904686
1904687
1904688
1904689
1904690
1904691
1904692
1904693
1904694
1904695
1904696
1904697
1904698
1904699
1904700
1904701
1904702
1904703
1904704
1904705
1904706
1904707
1904708
1904709
1904710
1904711
1904712
1904713
1904714
1904715
1904716
1904717
1904718
1904719
1904720
1904721
1904722
1904723
1904724
1904725
1904726
1904727
1904728
1904729
1904730
1904731
1904732
1904733
1904734
1904735
1904736
1904737
1904738
1904739
1904740
1904741
1904742
1904743
1904744
1904745
1904746
1904747
1904748
1904749
1904750
1904751
1904752
1904753
1904754
1904755
1904756
1904757
1904758
1904759
1904760
1904761
1904762
1904763
1904764
1904765
1904766
1904767
1904768
1904769
1904770
1904771
1904772
1904773
1904774
1904775
1904776
1904777
1904778
1904779
1904780
1904781
1904782
1904783
1904784
1904785
1904786
1904787
1904788
1904789
1904790
1904791
1904792
1904793
1904794
1904795
1904796
1904797
1904798
1904799
1904800
1904801
1904802
1904803
1904804
1904805
1904806
1904807
1904808
1904809
1904810
1904811
1904812
1904813
1904814
1904815
1904816
1904817
1904818
1904819
1904820
1904821
1904822
1904823
1904824
1904825
1904826
1904827
1904828
1904829
1904830
1904831
1904832
1904833
1904834
1904835
1904836
1904837
1904838
1904839
1904840
1904841
1904842
1904843
1904844
1904845
1904846
1904847
1904848
1904849
1904850
1904851
1904852
1904853
1904854
1904855
1904856
1904857
1904858
1904859
1904860
1904861
1904862
1904863
1904864
1904865
1904866
1904867
1904868
1904869
1904870
1904871
1904872
1904873
1904874
1904875
1904876
1904877
1904878
1904879
1904880
1904881
1904882
1904883
1904884
1904885
1904886
1904887
1904888
1904889
1904890
1904891
1904892
1904893
1904894
1904895
1904896
1904897
1904898
1904899
1904900
1904901
1904902
1904903
1904904
1904905
1904906
1904907
1904908
1904909
1904910
1904911
1904912
1904913
1904914
1904915
1904916
1904917
1904918
1904919
1904920
1904921
1904922
1904923
1904924
1904925
1904926
1904927
1904928
1904929
1904930
1904931
1904932
1904933
1904934
1904935
1904936
1904937
1904938
1904939
1904940
1904941
1904942
1904943
1904944
1904945
1904946
1904947
1904948
1904949
1904950
1904951
1904952
1904953
1904954
1904955
1904956
1904957
1904958
1904959
1904960
1904961
1904962
1904963
1904964
1904965
1904966
1904967
1904968
1904969
1904970
1904971
1904972
1904973
1904974
1904975
1904976
1904977
1904978
1904979
1904980
1904981
1904982
1904983
1904984
1904985
1904986
1904987
1904988
1904989
1904990
1904991
1904992
1904993
1904994
1904995
1904996
1904997
1904998
1904999
1905000
1905001
1905002
1905003
1905004
1905005
1905006
1905007
1905008
1905009
1905010
1905011
1905012
1905013
1905014
1905015
1905016
1905017
1905018
1905019
1905020
1905021
1905022
1905023
1905024
1905025
1905026
1905027
1905028
1905029
1905030
1905031
1905032
1905033
1905034
1905035
1905036
1905037
1905038
1905039
1905040
1905041
1905042
1905043
1905044
1905045
1905046
1905047
1905048
1905049
1905050
1905051
1905052
1905053
1905054
1905055
1905056
1905057
1905058
1905059
1905060
1905061
1905062
1905063
1905064
1905065
1905066
1905067
1905068
1905069
1905070
1905071
1905072
1905073
1905074
1905075
1905076
1905077
1905078
1905079
1905080
1905081
1905082
1905083
1905084
1905085
1905086
1905087
1905088
1905089
1905090
1905091
1905092
1905093
1905094
1905095
1905096
1905097
1905098
1905099
1905100
1905101
1905102
1905103
1905104
1905105
1905106
1905107
1905108
1905109
1905110
1905111
1905112
1905113
1905114
1905115
1905116
1905117
1905118
1905119
1905120
1905121
1905122
1905123
1905124
1905125
1905126
1905127
1905128
1905129
1905130
1905131
1905132
1905133
1905134
1905135
1905136
1905137
1905138
1905139
1905140
1905141
1905142
1905143
1905144
1905145
1905146
1905147
1905148
1905149
1905150
1905151
1905152
1905153
1905154
1905155
1905156
1905157
1905158
1905159
1905160
1905161
1905162
1905163
1905164
1905165
1905166
1905167
1905168
1905169
1905170
1905171
1905172
1905173
1905174
1905175
1905176
1905177
1905178
1905179
1905180
1905181
1905182
1905183
1905184
1905185
1905186
1905187
1905188
1905189
1905190
1905191
1905192
1905193
1905194
1905195
1905196
1905197
1905198
1905199
1905200
1905201
1905202
1905203
1905204
1905205
1905206
1905207
1905208
1905209
1905210
1905211
1905212
1905213
1905214
1905215
1905216
1905217
1905218
1905219
1905220
1905221
1905222
1905223
1905224
1905225
1905226
1905227
1905228
1905229
1905230
1905231
1905232
1905233
1905234
1905235
1905236
1905237
1905238
1905239
1905240
1905241
1905242
1905243
1905244
1905245
1905246
1905247
1905248
1905249
1905250
1905251
1905252
1905253
1905254
1905255
1905256
1905257
1905258
1905259
1905260
1905261
1905262
1905263
1905264
1905265
1905266
1905267
1905268
1905269
1905270
1905271
1905272
1905273
1905274
1905275
1905276
1905277
1905278
1905279
1905280
1905281
1905282
1905283
1905284
1905285
1905286
1905287
1905288
1905289
1905290
1905291
1905292
1905293
1905294
1905295
1905296
1905297
1905298
1905299
1905300
1905301
1905302
1905303
1905304
1905305
1905306
1905307
1905308
1905309
1905310
1905311
1905312
1905313
1905314
1905315
1905316
1905317
1905318
1905319
1905320
1905321
1905322
1905323
1905324
1905325
1905326
1905327
1905328
1905329
1905330
1905331
1905332
1905333
1905334
1905335
1905336
1905337
1905338
1905339
1905340
1905341
1905342
1905343
1905344
1905345
1905346
1905347
1905348
1905349
1905350
1905351
1905352
1905353
1905354
1905355
1905356
1905357
1905358
1905359
1905360
1905361
1905362
1905363
1905364
1905365
1905366
1905367
1905368
1905369
1905370
1905371
1905372
1905373
1905374
1905375
1905376
1905377
1905378
1905379
1905380
1905381
1905382
1905383
1905384
1905385
1905386
1905387
1905388
1905389
1905390
1905391
1905392
1905393
1905394
1905395
1905396
1905397
1905398
1905399
1905400
1905401
1905402
1905403
1905404
1905405
1905406
1905407
1905408
1905409
1905410
1905411
1905412
1905413
1905414
1905415
1905416
1905417
1905418
1905419
1905420
1905421
1905422
1905423
1905424
1905425
1905426
1905427
1905428
1905429
1905430
1905431
1905432
1905433
1905434
1905435
1905436
1905437
1905438
1905439
1905440
1905441
1905442
1905443
1905444
1905445
1905446
1905447
1905448
1905449
1905450
1905451
1905452
1905453
1905454
1905455
1905456
1905457
1905458
1905459
1905460
1905461
1905462
1905463
1905464
1905465
1905466
1905467
1905468
1905469
1905470
1905471
1905472
1905473
1905474
1905475
1905476
1905477
1905478
1905479
1905480
1905481
1905482
1905483
1905484
1905485
1905486
1905487
1905488
1905489
1905490
1905491
1905492
1905493
1905494
1905495
1905496
1905497
1905498
1905499
1905500
1905501
1905502
1905503
1905504
1905505
1905506
1905507
1905508
1905509
1905510
1905511
1905512
1905513
1905514
1905515
1905516
1905517
1905518
1905519
1905520
1905521
1905522
1905523
1905524
1905525
1905526
1905527
1905528
1905529
1905530
1905531
1905532
1905533
1905534
1905535
1905536
1905537
1905538
1905539
1905540
1905541
1905542
1905543
1905544
1905545
1905546
1905547
1905548
1905549
1905550
1905551
1905552
1905553
1905554
1905555
1905556
1905557
1905558
1905559
1905560
1905561
1905562
1905563
1905564
1905565
1905566
1905567
1905568
1905569
1905570
1905571
1905572
1905573
1905574
1905575
1905576
1905577
1905578
1905579
1905580
1905581
1905582
1905583
1905584
1905585
1905586
1905587
1905588
1905589
1905590
1905591
1905592
1905593
1905594
1905595
1905596
1905597
1905598
1905599
1905600
1905601
1905602
1905603
1905604
1905605
1905606
1905607
1905608
1905609
1905610
1905611
1905612
1905613
1905614
1905615
1905616
1905617
1905618
1905619
1905620
1905621
1905622
1905623
1905624
1905625
1905626
1905627
1905628
1905629
1905630
1905631
1905632
1905633
1905634
1905635
1905636
1905637
1905638
1905639
1905640
1905641
1905642
1905643
1905644
1905645
1905646
1905647
1905648
1905649
1905650
1905651
1905652
1905653
1905654
1905655
1905656
1905657
1905658
1905659
1905660
1905661
1905662
1905663
1905664
1905665
1905666
1905667
1905668
1905669
1905670
1905671
1905672
1905673
1905674
1905675
1905676
1905677
1905678
1905679
1905680
1905681
1905682
1905683
1905684
1905685
1905686
1905687
1905688
1905689
1905690
1905691
1905692
1905693
1905694
1905695
1905696
1905697
1905698
1905699
1905700
1905701
1905702
1905703
1905704
1905705
1905706
1905707
1905708
1905709
1905710
1905711
1905712
1905713
1905714
1905715
1905716
1905717
1905718
1905719
1905720
1905721
1905722
1905723
1905724
1905725
1905726
1905727
1905728
1905729
1905730
1905731
1905732
1905733
1905734
1905735
1905736
1905737
1905738
1905739
1905740
1905741
1905742
1905743
1905744
1905745
1905746
1905747
1905748
1905749
1905750
1905751
1905752
1905753
1905754
1905755
1905756
1905757
1905758
1905759
1905760
1905761
1905762
1905763
1905764
1905765
1905766
1905767
1905768
1905769
1905770
1905771
1905772
1905773
1905774
1905775
1905776
1905777
1905778
1905779
1905780
1905781
1905782
1905783
1905784
1905785
1905786
1905787
1905788
1905789
1905790
1905791
1905792
1905793
1905794
1905795
1905796
1905797
1905798
1905799
1905800
1905801
1905802
1905803
1905804
1905805
1905806
1905807
1905808
1905809
1905810
1905811
1905812
1905813
1905814
1905815
1905816
1905817
1905818
1905819
1905820
1905821
1905822
1905823
1905824
1905825
1905826
1905827
1905828
1905829
1905830
1905831
1905832
1905833
1905834
1905835
1905836
1905837
1905838
1905839
1905840
1905841
1905842
1905843
1905844
1905845
1905846
1905847
1905848
1905849
1905850
1905851
1905852
1905853
1905854
1905855
1905856
1905857
1905858
1905859
1905860
1905861
1905862
1905863
1905864
1905865
1905866
1905867
1905868
1905869
1905870
1905871
1905872
1905873
1905874
1905875
1905876
1905877
1905878
1905879
1905880
1905881
1905882
1905883
1905884
1905885
1905886
1905887
1905888
1905889
1905890
1905891
1905892
1905893
1905894
1905895
1905896
1905897
1905898
1905899
1905900
1905901
1905902
1905903
1905904
1905905
1905906
1905907
1905908
1905909
1905910
1905911
1905912
1905913
1905914
1905915
1905916
1905917
1905918
1905919
1905920
1905921
1905922
1905923
1905924
1905925
1905926
1905927
1905928
1905929
1905930
1905931
1905932
1905933
1905934
1905935
1905936
1905937
1905938
1905939
1905940
1905941
1905942
1905943
1905944
1905945
1905946
1905947
1905948
1905949
1905950
1905951
1905952
1905953
1905954
1905955
1905956
1905957
1905958
1905959
1905960
1905961
1905962
1905963
1905964
1905965
1905966
1905967
1905968
1905969
1905970
1905971
1905972
1905973
1905974
1905975
1905976
1905977
1905978
1905979
1905980
1905981
1905982
1905983
1905984
1905985
1905986
1905987
1905988
1905989
1905990
1905991
1905992
1905993
1905994
1905995
1905996
1905997
1905998
1905999
1906000
1906001
1906002
1906003
1906004
1906005
1906006
1906007
1906008
1906009
1906010
1906011
1906012
1906013
1906014
1906015
1906016
1906017
1906018
1906019
1906020
1906021
1906022
1906023
1906024
1906025
1906026
1906027
1906028
1906029
1906030
1906031
1906032
1906033
1906034
1906035
1906036
1906037
1906038
1906039
1906040
1906041
1906042
1906043
1906044
1906045
1906046
1906047
1906048
1906049
1906050
1906051
1906052
1906053
1906054
1906055
1906056
1906057
1906058
1906059
1906060
1906061
1906062
1906063
1906064
1906065
1906066
1906067
1906068
1906069
1906070
1906071
1906072
1906073
1906074
1906075
1906076
1906077
1906078
1906079
1906080
1906081
1906082
1906083
1906084
1906085
1906086
1906087
1906088
1906089
1906090
1906091
1906092
1906093
1906094
1906095
1906096
1906097
1906098
1906099
1906100
1906101
1906102
1906103
1906104
1906105
1906106
1906107
1906108
1906109
1906110
1906111
1906112
1906113
1906114
1906115
1906116
1906117
1906118
1906119
1906120
1906121
1906122
1906123
1906124
1906125
1906126
1906127
1906128
1906129
1906130
1906131
1906132
1906133
1906134
1906135
1906136
1906137
1906138
1906139
1906140
1906141
1906142
1906143
1906144
1906145
1906146
1906147
1906148
1906149
1906150
1906151
1906152
1906153
1906154
1906155
1906156
1906157
1906158
1906159
1906160
1906161
1906162
1906163
1906164
1906165
1906166
1906167
1906168
1906169
1906170
1906171
1906172
1906173
1906174
1906175
1906176
1906177
1906178
1906179
1906180
1906181
1906182
1906183
1906184
1906185
1906186
1906187
1906188
1906189
1906190
1906191
1906192
1906193
1906194
1906195
1906196
1906197
1906198
1906199
1906200
1906201
1906202
1906203
1906204
1906205
1906206
1906207
1906208
1906209
1906210
1906211
1906212
1906213
1906214
1906215
1906216
1906217
1906218
1906219
1906220
1906221
1906222
1906223
1906224
1906225
1906226
1906227
1906228
1906229
1906230
1906231
1906232
1906233
1906234
1906235
1906236
1906237
1906238
1906239
1906240
1906241
1906242
1906243
1906244
1906245
1906246
1906247
1906248
1906249
1906250
1906251
1906252
1906253
1906254
1906255
1906256
1906257
1906258
1906259
1906260
1906261
1906262
1906263
1906264
1906265
1906266
1906267
1906268
1906269
1906270
1906271
1906272
1906273
1906274
1906275
1906276
1906277
1906278
1906279
1906280
1906281
1906282
1906283
1906284
1906285
1906286
1906287
1906288
1906289
1906290
1906291
1906292
1906293
1906294
1906295
1906296
1906297
1906298
1906299
1906300
1906301
1906302
1906303
1906304
1906305
1906306
1906307
1906308
1906309
1906310
1906311
1906312
1906313
1906314
1906315
1906316
1906317
1906318
1906319
1906320
1906321
1906322
1906323
1906324
1906325
1906326
1906327
1906328
1906329
1906330
1906331
1906332
1906333
1906334
1906335
1906336
1906337
1906338
1906339
1906340
1906341
1906342
1906343
1906344
1906345
1906346
1906347
1906348
1906349
1906350
1906351
1906352
1906353
1906354
1906355
1906356
1906357
1906358
1906359
1906360
1906361
1906362
1906363
1906364
1906365
1906366
1906367
1906368
1906369
1906370
1906371
1906372
1906373
1906374
1906375
1906376
1906377
1906378
1906379
1906380
1906381
1906382
1906383
1906384
1906385
1906386
1906387
1906388
1906389
1906390
1906391
1906392
1906393
1906394
1906395
1906396
1906397
1906398
1906399
1906400
1906401
1906402
1906403
1906404
1906405
1906406
1906407
1906408
1906409
1906410
1906411
1906412
1906413
1906414
1906415
1906416
1906417
1906418
1906419
1906420
1906421
1906422
1906423
1906424
1906425
1906426
1906427
1906428
1906429
1906430
1906431
1906432
1906433
1906434
1906435
1906436
1906437
1906438
1906439
1906440
1906441
1906442
1906443
1906444
1906445
1906446
1906447
1906448
1906449
1906450
1906451
1906452
1906453
1906454
1906455
1906456
1906457
1906458
1906459
1906460
1906461
1906462
1906463
1906464
1906465
1906466
1906467
1906468
1906469
1906470
1906471
1906472
1906473
1906474
1906475
1906476
1906477
1906478
1906479
1906480
1906481
1906482
1906483
1906484
1906485
1906486
1906487
1906488
1906489
1906490
1906491
1906492
1906493
1906494
1906495
1906496
1906497
1906498
1906499
1906500
1906501
1906502
1906503
1906504
1906505
1906506
1906507
1906508
1906509
1906510
1906511
1906512
1906513
1906514
1906515
1906516
1906517
1906518
1906519
1906520
1906521
1906522
1906523
1906524
1906525
1906526
1906527
1906528
1906529
1906530
1906531
1906532
1906533
1906534
1906535
1906536
1906537
1906538
1906539
1906540
1906541
1906542
1906543
1906544
1906545
1906546
1906547
1906548
1906549
1906550
1906551
1906552
1906553
1906554
1906555
1906556
1906557
1906558
1906559
1906560
1906561
1906562
1906563
1906564
1906565
1906566
1906567
1906568
1906569
1906570
1906571
1906572
1906573
1906574
1906575
1906576
1906577
1906578
1906579
1906580
1906581
1906582
1906583
1906584
1906585
1906586
1906587
1906588
1906589
1906590
1906591
1906592
1906593
1906594
1906595
1906596
1906597
1906598
1906599
1906600
1906601
1906602
1906603
1906604
1906605
1906606
1906607
1906608
1906609
1906610
1906611
1906612
1906613
1906614
1906615
1906616
1906617
1906618
1906619
1906620
1906621
1906622
1906623
1906624
1906625
1906626
1906627
1906628
1906629
1906630
1906631
1906632
1906633
1906634
1906635
1906636
1906637
1906638
1906639
1906640
1906641
1906642
1906643
1906644
1906645
1906646
1906647
1906648
1906649
1906650
1906651
1906652
1906653
1906654
1906655
1906656
1906657
1906658
1906659
1906660
1906661
1906662
1906663
1906664
1906665
1906666
1906667
1906668
1906669
1906670
1906671
1906672
1906673
1906674
1906675
1906676
1906677
1906678
1906679
1906680
1906681
1906682
1906683
1906684
1906685
1906686
1906687
1906688
1906689
1906690
1906691
1906692
1906693
1906694
1906695
1906696
1906697
1906698
1906699
1906700
1906701
1906702
1906703
1906704
1906705
1906706
1906707
1906708
1906709
1906710
1906711
1906712
1906713
1906714
1906715
1906716
1906717
1906718
1906719
1906720
1906721
1906722
1906723
1906724
1906725
1906726
1906727
1906728
1906729
1906730
1906731
1906732
1906733
1906734
1906735
1906736
1906737
1906738
1906739
1906740
1906741
1906742
1906743
1906744
1906745
1906746
1906747
1906748
1906749
1906750
1906751
1906752
1906753
1906754
1906755
1906756
1906757
1906758
1906759
1906760
1906761
1906762
1906763
1906764
1906765
1906766
1906767
1906768
1906769
1906770
1906771
1906772
1906773
1906774
1906775
1906776
1906777
1906778
1906779
1906780
1906781
1906782
1906783
1906784
1906785
1906786
1906787
1906788
1906789
1906790
1906791
1906792
1906793
1906794
1906795
1906796
1906797
1906798
1906799
1906800
1906801
1906802
1906803
1906804
1906805
1906806
1906807
1906808
1906809
1906810
1906811
1906812
1906813
1906814
1906815
1906816
1906817
1906818
1906819
1906820
1906821
1906822
1906823
1906824
1906825
1906826
1906827
1906828
1906829
1906830
1906831
1906832
1906833
1906834
1906835
1906836
1906837
1906838
1906839
1906840
1906841
1906842
1906843
1906844
1906845
1906846
1906847
1906848
1906849
1906850
1906851
1906852
1906853
1906854
1906855
1906856
1906857
1906858
1906859
1906860
1906861
1906862
1906863
1906864
1906865
1906866
1906867
1906868
1906869
1906870
1906871
1906872
1906873
1906874
1906875
1906876
1906877
1906878
1906879
1906880
1906881
1906882
1906883
1906884
1906885
1906886
1906887
1906888
1906889
1906890
1906891
1906892
1906893
1906894
1906895
1906896
1906897
1906898
1906899
1906900
1906901
1906902
1906903
1906904
1906905
1906906
1906907
1906908
1906909
1906910
1906911
1906912
1906913
1906914
1906915
1906916
1906917
1906918
1906919
1906920
1906921
1906922
1906923
1906924
1906925
1906926
1906927
1906928
1906929
1906930
1906931
1906932
1906933
1906934
1906935
1906936
1906937
1906938
1906939
1906940
1906941
1906942
1906943
1906944
1906945
1906946
1906947
1906948
1906949
1906950
1906951
1906952
1906953
1906954
1906955
1906956
1906957
1906958
1906959
1906960
1906961
1906962
1906963
1906964
1906965
1906966
1906967
1906968
1906969
1906970
1906971
1906972
1906973
1906974
1906975
1906976
1906977
1906978
1906979
1906980
1906981
1906982
1906983
1906984
1906985
1906986
1906987
1906988
1906989
1906990
1906991
1906992
1906993
1906994
1906995
1906996
1906997
1906998
1906999
1907000
1907001
1907002
1907003
1907004
1907005
1907006
1907007
1907008
1907009
1907010
1907011
1907012
1907013
1907014
1907015
1907016
1907017
1907018
1907019
1907020
1907021
1907022
1907023
1907024
1907025
1907026
1907027
1907028
1907029
1907030
1907031
1907032
1907033
1907034
1907035
1907036
1907037
1907038
1907039
1907040
1907041
1907042
1907043
1907044
1907045
1907046
1907047
1907048
1907049
1907050
1907051
1907052
1907053
1907054
1907055
1907056
1907057
1907058
1907059
1907060
1907061
1907062
1907063
1907064
1907065
1907066
1907067
1907068
1907069
1907070
1907071
1907072
1907073
1907074
1907075
1907076
1907077
1907078
1907079
1907080
1907081
1907082
1907083
1907084
1907085
1907086
1907087
1907088
1907089
1907090
1907091
1907092
1907093
1907094
1907095
1907096
1907097
1907098
1907099
1907100
1907101
1907102
1907103
1907104
1907105
1907106
1907107
1907108
1907109
1907110
1907111
1907112
1907113
1907114
1907115
1907116
1907117
1907118
1907119
1907120
1907121
1907122
1907123
1907124
1907125
1907126
1907127
1907128
1907129
1907130
1907131
1907132
1907133
1907134
1907135
1907136
1907137
1907138
1907139
1907140
1907141
1907142
1907143
1907144
1907145
1907146
1907147
1907148
1907149
1907150
1907151
1907152
1907153
1907154
1907155
1907156
1907157
1907158
1907159
1907160
1907161
1907162
1907163
1907164
1907165
1907166
1907167
1907168
1907169
1907170
1907171
1907172
1907173
1907174
1907175
1907176
1907177
1907178
1907179
1907180
1907181
1907182
1907183
1907184
1907185
1907186
1907187
1907188
1907189
1907190
1907191
1907192
1907193
1907194
1907195
1907196
1907197
1907198
1907199
1907200
1907201
1907202
1907203
1907204
1907205
1907206
1907207
1907208
1907209
1907210
1907211
1907212
1907213
1907214
1907215
1907216
1907217
1907218
1907219
1907220
1907221
1907222
1907223
1907224
1907225
1907226
1907227
1907228
1907229
1907230
1907231
1907232
1907233
1907234
1907235
1907236
1907237
1907238
1907239
1907240
1907241
1907242
1907243
1907244
1907245
1907246
1907247
1907248
1907249
1907250
1907251
1907252
1907253
1907254
1907255
1907256
1907257
1907258
1907259
1907260
1907261
1907262
1907263
1907264
1907265
1907266
1907267
1907268
1907269
1907270
1907271
1907272
1907273
1907274
1907275
1907276
1907277
1907278
1907279
1907280
1907281
1907282
1907283
1907284
1907285
1907286
1907287
1907288
1907289
1907290
1907291
1907292
1907293
1907294
1907295
1907296
1907297
1907298
1907299
1907300
1907301
1907302
1907303
1907304
1907305
1907306
1907307
1907308
1907309
1907310
1907311
1907312
1907313
1907314
1907315
1907316
1907317
1907318
1907319
1907320
1907321
1907322
1907323
1907324
1907325
1907326
1907327
1907328
1907329
1907330
1907331
1907332
1907333
1907334
1907335
1907336
1907337
1907338
1907339
1907340
1907341
1907342
1907343
1907344
1907345
1907346
1907347
1907348
1907349
1907350
1907351
1907352
1907353
1907354
1907355
1907356
1907357
1907358
1907359
1907360
1907361
1907362
1907363
1907364
1907365
1907366
1907367
1907368
1907369
1907370
1907371
1907372
1907373
1907374
1907375
1907376
1907377
1907378
1907379
1907380
1907381
1907382
1907383
1907384
1907385
1907386
1907387
1907388
1907389
1907390
1907391
1907392
1907393
1907394
1907395
1907396
1907397
1907398
1907399
1907400
1907401
1907402
1907403
1907404
1907405
1907406
1907407
1907408
1907409
1907410
1907411
1907412
1907413
1907414
1907415
1907416
1907417
1907418
1907419
1907420
1907421
1907422
1907423
1907424
1907425
1907426
1907427
1907428
1907429
1907430
1907431
1907432
1907433
1907434
1907435
1907436
1907437
1907438
1907439
1907440
1907441
1907442
1907443
1907444
1907445
1907446
1907447
1907448
1907449
1907450
1907451
1907452
1907453
1907454
1907455
1907456
1907457
1907458
1907459
1907460
1907461
1907462
1907463
1907464
1907465
1907466
1907467
1907468
1907469
1907470
1907471
1907472
1907473
1907474
1907475
1907476
1907477
1907478
1907479
1907480
1907481
1907482
1907483
1907484
1907485
1907486
1907487
1907488
1907489
1907490
1907491
1907492
1907493
1907494
1907495
1907496
1907497
1907498
1907499
1907500
1907501
1907502
1907503
1907504
1907505
1907506
1907507
1907508
1907509
1907510
1907511
1907512
1907513
1907514
1907515
1907516
1907517
1907518
1907519
1907520
1907521
1907522
1907523
1907524
1907525
1907526
1907527
1907528
1907529
1907530
1907531
1907532
1907533
1907534
1907535
1907536
1907537
1907538
1907539
1907540
1907541
1907542
1907543
1907544
1907545
1907546
1907547
1907548
1907549
1907550
1907551
1907552
1907553
1907554
1907555
1907556
1907557
1907558
1907559
1907560
1907561
1907562
1907563
1907564
1907565
1907566
1907567
1907568
1907569
1907570
1907571
1907572
1907573
1907574
1907575
1907576
1907577
1907578
1907579
1907580
1907581
1907582
1907583
1907584
1907585
1907586
1907587
1907588
1907589
1907590
1907591
1907592
1907593
1907594
1907595
1907596
1907597
1907598
1907599
1907600
1907601
1907602
1907603
1907604
1907605
1907606
1907607
1907608
1907609
1907610
1907611
1907612
1907613
1907614
1907615
1907616
1907617
1907618
1907619
1907620
1907621
1907622
1907623
1907624
1907625
1907626
1907627
1907628
1907629
1907630
1907631
1907632
1907633
1907634
1907635
1907636
1907637
1907638
1907639
1907640
1907641
1907642
1907643
1907644
1907645
1907646
1907647
1907648
1907649
1907650
1907651
1907652
1907653
1907654
1907655
1907656
1924078
2094486
2094487
2094488
2094489
2094490
2094491
2094492
2094493
2094494
2094495
2094496
2094497
2094498
2094499
2094500
2094501
2094502
2094503
2094504
2094505
2094506
2094507
2094508
2094509
2094510
2094511
2094512
2094513
2094514
2094515
2094516
2094517
2094518
2094519
2094520
2094521
2094522
2094523
2094524
2094525
2094526
2094527
2094528
2094529
2094530
2094531
2094532
2094533
2094534
2094535
2094536
2094537
2094538
2094539
2094540
2094541
2094542
2094543
2094544
2094545
2094546
2094547
2094548
2094549
2094550
2094551
2094552
2094553
2094554
2094555
2094556
2094557
2094558
2094559
2094560
2094561
2094562
2094563
2094564
2094565
2094566
2094567
2094568
2094569
2094570
2094571
2094572
2094573
2094574
2094575
2094576
2094577
2094578
2094579
2094580
2094581
2094582
2094583
2094584
2094585
2094586
2094587
2094588
2094589
2094590
2094591
2094592
2094593
2094594
2094595
2094596
2094597
2094598
2094599
2094600
2094601
2094602
2094603
2094604
2094605
2094606
2094607
2094608
2094609
2094610
2094611
2094612
2361874
2361875
2361876
2361877
2361878
2361879
2361880
2361881
2361882
2361883
2361884
2361885
2361886
2361887
2361888
2361889
2361890
2361891
2361892
2361893
2361894
2448143
2450942
2579866
2671007
2722643
2809085
3066415
3066416
3066417
3066418
3066419
3110596
3110597
3110598
3110599
3110600
3110601
3110602
3110603
3110604
3110605
3110606
3110607
3110608
3110609
3110610
3111158
3333572
3381272
3387990
3387991
3387992
3387993
3387994
3387995
3387996
3387997
3387998
3387999
3388000
3388001
3388002
3388003
3388004
3388005
3388006
3388007
3388008
3388009
3388010
3388011
3388012
3388013
3388014
3388015
3388016
3388017
3388018
3388019
3388020
3388021
3388022
3388023
3388024
3388025
3388026
3388027
3388028
3388029
3388030
3388031
3388032
3388033
3388034
3388035
3388036
3388037
3388038
3388039
3388040
3388041
3388042
3388043
3388044
359049
373393
540248
540249
540250
540251
540252
540253
540254
540255
540256
540257
540258
540259
540260
540261
540262
540263
540264
540265
540266
540267
540268
540269
540270
540271
540272
540273
540274
540275
540276
540277
540278
540279
540280
540281
540282
540283
540284
540285
540286
540287
540288
540289
540290
540291
540292
540293
540294
540295
540296
540297
540298
540299
540300
540301
540302
540303
540304
540305
540306
540307
540308
540309
540310
540311
540312
540313
540314
540315
540316
540317
540318
540319
540320
540321
540322
540323
540324
540325
540326
540327
540328
540329
540330
540331
540332
540333
540334
540335
540336
540337
540338
540339
540340
540341
540342
540343
540344
540345
540346
540347
540348
540349
540350
540351
540352
540353
540354
540355
540356
540357
540358
540359
540360
540361
540362
540363
540364
540365
540366
540367
540368
540369
540370
540371
540372
540373
540374
540375
540376
540377
540378
540379
540380
540381
540382
540383
540384
540385
540386
540387
540388
540389
540390
540391
540392
540393
540394
540395
540396
540397
540398
540399
540400
540401
540402
540403
540404
540405
540406
540407
540408
540409
540410
540411
540412
540413
540414
540415
540416
540417
540418
540419
540420
540421
540422
540423
540424
540425
540426
540427
540428
540429
540430
540431
540432
540433
540434
540435
540436
540437
540438
540439
540440
540441
540442
540443
540444
540445
540446
540447
540448
540449
540450
540451
540452
540453
540454
540455
540456
540457
540458
540459
540460
540461
540462
540463
540464
540465
540466
540467
540468
540469
540470
540471
540472
540473
540474
540475
540476
540477
540478
540479
540480
540481
540482
540483
540484
540485
540486
540487
540488
540489
540490
540491
540492
540493
540494
540495
540496
540497
540498
540499
540500
540501
540502
540503
540504
540505
540506
540507
540508
540509
540510
540511
540512
540513
540514
540515
540516
540517
540518
540519
540520
540521
540522
540523
540524
540525
540526
540527
540528
540529
540530
540531
540532
540533
540534
540535
540536
540537
540538
540539
540540
540541
540542
540543
540544
540545
540546
540547
540548
540549
540550
540551
540552
540553
540554
540555
540556
540557
540558
540559
540560
540561
540562
540563
540564
540565
540566
540567
540568
540569
540570
540571
540572
540573
540574
540575
540576
540577
540578
540579
540580
540581
540582
540583
540584
540585
540586
540587
540588
540589
540590
540591
540592
540593
540594
540595
540596
540597
540598
540599
540600
540601
540602
540603
540604
540605
540606
540607
540608
540609
540610
540611
540612
540613
540614
540615
540616
540617
540618
540619
540620
540621
540622
540623
540624
540625
540626
540627
540628
540629
540630
540631
540632
540633
540634
540635
540636
540637
540638
540639
540640
540641
540642
540643
540644
540645
540646
540647
540648
540649
540650
540651
540652
540653
540654
540655
540656
540657
540658
540659
540660
540661
540662
540663
540664
540665
540666
540667
540668
540669
540670
540671
540672
540673
540674
540675
540676
540677
540678
540679
540680
540681
540682
540683
540684
540685
540686
540687
540688
540689
540690
540691
540692
540693
540694
540695
540696
540697
540698
540699
540700
540701
540702
540703
540704
540705
540706
540707
540708
540709
540710
540711
540712
540713
540714
540715
540716
540717
540718
540719
540720
540721
540722
540723
540724
540725
540726
540727
540728
540729
540730
540731
540732
540733
540734
540735
540736
540737
540738
540739
540740
540741
540742
540743
540744
540745
540746
540747
540748
540749
540750
540751
540752
540753
540754
540755
540756
540757
540758
540759
540760
540761
540762
540763
540764
540765
540766
540767
540768
540769
540770
540771
540772
540773
540774
540775
540776
540777
540778
540779
540780
540781
540782
540783
540784
540785
540786
540787
540788
540789
540790
540791
540792
540793
540794
540795
540796
540797
540798
540799
540800
540801
540802
540803
540804
540805
540806
540807
540808
540809
540810
540811
540812
540813
540814
540815
540816
540817
540818
540819
540820
540821
540822
540823
540824
540825
540826
540827
540828
540829
540830
540831
540832
540833
540834
540835
540836
540837
540838
540839
540840
540841
540842
540843
540844
540845
540846
540847
540848
540849
540850
540851
540852
540853
540854
540855
540856
540857
540858
540859
540860
540861
540862
540863
540864
540865
540866
540867
540868
540869
540870
540871
540872
540873
540874
540875
540876
540877
540878
540879
540880
540881
540882
540883
540884
540885
540886
540887
540888
540889
540890
540891
540892
540893
540894
540895
540896
540897
540898
540899
540900
540901
540902
540903
540904
540905
540906
540907
540908
540909
540910
540911
540912
540913
540914
540915
540916
540917
540918
540919
540920
540921
540922
540923
540924
540925
540926
540927
540928
540929
540930
540931
540932
540933
540934
540935
540936
540937
540938
540939
540940
540941
540942
540943
540944
540945
540946
540947
540948
540949
540950
540951
540952
540953
540954
540955
540956
540957
540958
540959
540960
540961
540962
540963
540964
540965
540966
540967
540968
540969
540970
540971
540972
540973
540974
540975
540976
540977
540978
540979
540980
540981
540982
540983
540984
540985
540986
540987
540988
540989
540990
540991
540992
540993
540994
540995
540996
540997
540998
540999
541000
541001
541002
541003
541004
541005
584
585
586
587
589555
589556
589557
589558
589559
589560
589561
589562
589563
589564
589565
589566
589567
589568
589569
589570
589571
589572
589573
589574
589575
589576
589577
589578
589579
589580
589581
589582
589583
589584
589585
589586
589587
589588
589589
589590
589591
589592
589593
589594
589595
589596
589597
589598
589599
589600
589601
589602
589603
589604
589605
589606
589607
589608
589609
589610
589611
589612
589613
589614
589615
589616
589617
589618
589619
589620
589621
589622
589623
589624
589625
589626
589627
589628
589629
589630
589631
589632
589633
589634
589635
589636
589637
589638
589639
589640
589641
589642
589643
589644
589645
589646
589647
589648
589649
589650
589651
589652
589653
589654
589655
589656
589657
589658
589659
589660
589661
589662
589663
589664
589665
589666
589667
589668
589669
589670
589671
589672
589673
589674
589675
589676
589677
589678
589679
589680
589681
589682
589683
589684
589685
589686
589687
589688
589689
589690
589691
589692
589693
589694
589695
589696
589697
589698
589699
589700
589701
589702
589703
589704
589705
589706
589707
589708
589709
589710
589711
589712
589713
589714
589715
589716
589717
589718
589719
589720
589721
589722
589723
589724
589725
589726
589727
589728
589729
589730
589731
589732
589733
589734
589735
589736
589737
589738
589739
589740
589741
589742
589743
589744
589745
589746
589747
589748
589749
589750
589751
589752
589753
589754
589755
589756
589757
589758
589759
589760
589761
589762
589763
589764
589765
589766
589767
589768
589769
589770
589771
589772
589773
589774
589775
589776
589777
589778
589779
589780
589781
589782
589783
589784
589785
589786
589787
589788
589789
589790
589791
589792
589793
589794
589795
589796
589797
589798
589799
589800
589801
589802
589803
589804
589805
589806
589807
589808
589809
589810
589811
589812
589813
589814
589815
589816
589817
589818
589819
589820
589821
589822
589823
589824
589825
589826
589827
589828
589829
589830
589831
589832
589833
589834
589835
589836
589837
589838
589839
589840
589841
589842
589843
589844
589845
589846
589847
589848
589849
589850
589851
589852
589853
589854
589855
589856
589857
589858
589859
589860
589861
589862
589863
589864
589865
589866
589867
589868
589869
589870
589871
589872
589873
589874
589875
589876
589877
589878
589879
589880
589881
589882
589883
589884
589885
589886
589887
589888
589889
589890
589891
589892
589893
589894
589895
589896
589897
589898
589899
589900
589901
589902
589903
589904
589905
589906
589907
589908
589909
589910
589911
589912
589913
589914
589915
589916
589917
589918
589919
589920
589921
589922
589923
589924
589925
589926
589927
589928
589929
589930
589931
589932
589933
589934
589935
589936
589937
589938
589939
589940
589941
589942
589943
589944
589945
589946
589947
589948
589949
589950
589951
589952
589953
589954
589955
589956
589957
589958
589959
589960
589961
589962
589963
589964
589965
589966
589967
589968
589969
589970
589971
589972
589973
589974
589975
589976
589977
589978
589979
589980
589981
589982
589983
589984
589985
589986
589987
589988
589989
589990
589991
589992
589993
589994
589995
589996
589997
589998
589999
590000
590001
590002
590003
590004
590005
590006
590007
590008
590009
590010
590011
590012
590013
590014
590015
590016
590017
590018
590019
590020
590021
590022
590023
590024
590025
590026
590027
590028
590029
590030
590031
590032
590033
590034
590035
590036
590037
590038
590039
590040
590041
590042
590043
590044
590045
590046
590047
590048
590049
590050
590051
590052
590053
590054
590055
590056
590057
590058
590059
590060
590061
590062
590063
590064
590065
590066
590067
590068
590069
590070
590071
590072
590073
590074
590075
590076
590077
590078
590079
590080
590081
590082
590083
590084
590085
590086
590087
590088
590089
590090
590091
590092
590093
590094
590095
590096
590097
590098
590099
590100
590101
590102
590103
590104
590105
590106
590107
590108
590109
590110
590111
590112
590113
590114
590115
590116
590117
590118
590119
590120
590121
590122
590123
590124
590125
590126
590127
590128
590129
590130
590131
590132
590133
590134
590135
590136
590137
590138
590139
590140
590141
590142
590143
590144
590145
590146
590147
590148
590149
590150
590151
590152
590153
590154
590155
590156
590157
590158
590159
590160
590161
590162
590163
590164
590165
590166
590167
590168
590169
590170
590171
590172
590173
590174
590175
590176
590177
590178
590179
590180
590181
590182
590183
590184
590185
590186
590187
590188
590189
590190
590191
590192
590193
590194
590195
590196
590197
590198
590199
590200
590201
590202
590203
590204
590205
590206
590207
590208
590209
590210
590211
590212
590213
590214
590215
590216
590217
590218
590219
590220
590221
590222
590223
590224
590225
590226
590227
590228
590229
590230
590231
590232
590233
590234
590235
590236
590237
590238
590239
590240
590241
590242
590243
590244
590245
590246
590247
590248
590249
590250
590251
590252
590253
590254
590255
590256
590257
590258
590259
590260
590261
590262
590263
590264
590265
590266
590267
590268
590269
590270
590271
590272
590273
590274
590275
590276
590277
590278
590279
590280
590281
590282
590283
590284
590285
590286
590287
590288
590289
590290
590291
590292
590293
590294
590295
590296
590297
590298
590299
590300
590301
590302
590303
590304
590305
590306
590307
590308
590309
590310
590311
590312
590313
590314
590315
590316
590317
590318
590319
590320
590321
590322
590323
590324
590325
590326
590327
590328
590329
590330
590331
590332
590333
590334
590335
590336
590337
590338
590339
590340
590341
590342
590343
590344
590345
590346
590347
590348
590349
590350
590351
590352
590353
590354
590355
590356
590357
590358
590359
590360
590361
590362
590363
590364
590365
590366
590367
590368
590369
590370
590371
590372
590373
590374
590375
590376
590377
590378
590553
698623
804150
872275
872276
872277
872278
872279
872280
872281
872282
872283
872284
872285
872286
872287
872288
872289
872290
872291
872292
872293
872294
872295
872296
872297
872298
872299
872300
872301
872302
872303
872304
872305
872306
872307
872308
872309
872310
872311
872312
872313
872314
872315
872316
872317
872318
872319
872320
872321
872322
872323
872324
872325
872326
872327
872328
872329
872330
872331
872332
872333
872334
872335
872336
872337
872338
872339
872340
872341
872342
872343
872344
872345
872346
872347
872348
872349
872350
872351
872352
872353
872354
872355
872356
872357
872358
872359
872360
872361
872362
872363
872364
872365
872366
872367
872368
872369
872370
872371
872372
872373
872374
872375
872376
872377
872378
872379
872380
872381
872382
872383
872384
872385
872386
872387
872388
872389
872390
872391
872392
872393
872394
872395
872396
872397
872398
872399
872400
872401
872402
872403
872404
872405
872406
872407
872408
872409
872410
872411
872412
872413
872414
872415
872416
872417
872418
872419
872420
872421
872422
872423
872424
872425
872426
872427
872428
872429
872430
872431
872432
872433
872434
872435
872436
872437
872438
872439
872440
872441
872442
872443
872444
872445
872446
872447
872448
872449
872450
872451
872452
872453
872454
872455
872456
872457
872458
872459
872460
872461
872462
872463
872464
872465
872466
872467
872468
872469
872470
872471
872472
872473
872474
872475
872476
872477
872478
872479
872480
872481
872482
872483
872484
872485
872486
872487
872488
872489
872490
872491
872492
872493
872494
872495
872496
872497
872498
872499
872500
872501
872502
872503
872504
872505
872506
872507
872508
872509
872510
872511
872512
872513
872514
872515
872516
872517
872518
872519
872520
872521
872522
872523
872524
872525
872526
872527
872528
872529
872530
872531
872532
872533
872534
872535
872536
872537
872538
872539
872540
872541
872542
872543
872544
872545
872546
872547
872548
872549
872550
872551
872552
872553
872554
872555
872556
872557
872558
872559
872560
872561
872562
872563
872564
872565
872566
872567
872568
872569
872570
872571
872572
872573
872574
872575
872576
872577
872578
872579
872580
872581
872582
872583
872584
872585
872586
872587
872588
872589
872590
872591
872592
872593
872594
872595
872596
872597
872598
872599
872600
872601
872602
872603
872604
872605
872606
872607
872608
872609
872610
872611
872612
872613
872614
872615
872616
872617
872618
872619
872620
872621
872622
872623
872624
872625
872626
872627
872628
872629
872630
872631
872632
872633
872634
872635
872636
872637
872638
872639
872640
872641
872642
872643
872644
872645
872646
872647
872648
872649
872650
872651
872652
872653
872654
872655
872656
872657
872658
872659
872660
872661
872662
872663
872664
872665
872666
872667
872668
872669
872670
872671
100000000
100000000
