
100000000
15325
15326
15327
15328
15329
15330
15331
15332
15333
15334
15335
15336
15337
15338
15339
15340
15341
15342
15343
15344
15345
15346
15347
15348
15349
15350
15351
15352
15353
15354
15355
15356
15357
15358
15359
15360
15361
15362
15363
15364
15365
15366
15367
15368
15369
15370
15371
15372
15373
15374
15375
15376
15377
15378
15379
15380
15381
15382
15383
15384
15385
15386
15387
15388
15389
15390
15391
15392
15393
15394
15395
15396
15397
15398
15399
15400
15401
15402
15403
15404
15405
15406
15407
15408
15409
15410
15411
15412
15413
15414
15415
15416
15417
15418
15419
15420
15421
15422
15423
15424
15425
15426
15427
15428
15429
15430
15431
15432
15433
15434
15435
15436
15437
15438
15439
15440
15441
15442
15443
15444
15445
15446
15447
15448
15449
15450
15451
15452
15453
15454
15455
15456
15457
15458
15459
15460
15461
15462
15463
15464
15465
15466
15467
15468
15469
15470
15471
15472
15473
15474
15475
15476
15477
15478
15479
15480
15481
15482
15483
15484
15485
15486
15487
15488
15489
15490
15491
15492
15493
15494
15495
15496
15497
15498
15499
15500
15501
15502
15503
15504
15505
15506
15507
15508
15509
15510
15511
15512
15513
15514
15515
15516
15517
15518
15519
15520
15521
15522
15523
15524
15525
15526
15527
15528
15529
15530
15531
15532
15533
15534
15535
15536
15537
15538
15539
15540
15541
15542
15543
15544
15545
15546
15547
15548
15549
15550
15551
15552
15553
15554
15555
15556
15557
15558
15559
15560
15561
15562
15563
15564
15565
15566
15567
15568
15569
15570
15571
15572
15573
15574
15575
15576
15577
15578
15579
15580
15581
15582
15583
15584
15585
15586
15587
15588
15589
15590
15591
15592
15593
15594
15595
15596
15597
15598
15599
15600
15601
15602
15603
15604
15605
15606
15607
15608
15609
15610
15611
15612
15613
15614
15615
15616
15617
15618
15619
15620
15621
15622
15623
15624
15625
15626
15627
15628
15629
15630
15631
15632
15633
15634
15635
15636
15637
15638
15639
15640
15641
15642
15643
15644
15645
15646
15647
15648
15649
15650
15651
15652
15653
15654
15655
15656
15657
15658
15659
15660
15661
15662
15663
15664
15665
15666
15667
15668
15669
15670
15671
15672
15673
15674
15675
15676
15677
15678
15679
15680
15681
15682
15683
15684
15685
15686
15687
15688
15689
15690
15691
15692
15693
15694
15695
15696
15697
15698
15699
15700
15701
15702
15703
15704
15705
15706
15707
15708
15709
15710
15711
15712
15713
15714
15715
15716
15717
15718
15719
15720
15721
15722
15723
15724
15725
15726
15727
15728
15729
15730
15731
15732
15733
15734
15735
15736
15737
15738
15739
15740
15741
15742
15743
15744
15745
15746
15747
15748
15749
15750
15751
15752
15753
15754
15755
15756
15757
15758
15759
15760
15761
15762
15763
15764
15765
15766
15767
15768
15769
15770
15771
15772
15773
15774
15775
15776
15777
15778
15779
15780
15781
15782
15783
15784
15785
15786
15787
15788
15789
15790
15791
15792
15793
15794
15795
15796
15797
15798
15799
15800
15801
15802
15803
15804
15805
15806
15807
15808
15809
15810
15811
15812
15813
15814
15815
15816
15817
15818
15819
15820
15821
15822
15823
15824
15825
15826
15827
15828
15829
15830
15831
15832
15833
15834
15835
15836
15837
15838
15839
15840
15841
15842
15843
15844
15845
15846
15847
15848
15849
15850
15851
15852
15853
15854
15855
15856
15857
15858
15859
15860
15861
15862
15863
15864
15865
15866
15867
15868
15869
15870
15871
15872
15873
15874
15875
15876
15877
15878
15879
15880
15881
15882
15883
15884
15885
15886
15887
15888
15889
15890
15891
15892
15893
15894
15895
15896
15897
15898
15899
15900
15901
15902
15903
15904
15905
15906
15907
15908
15909
15910
15911
15912
15913
15914
15915
15916
15917
15918
15919
15920
15921
15922
15923
15924
15925
15926
15927
15928
15929
15930
15931
15932
15933
15934
15935
15936
15937
15938
15939
15940
15941
15942
15943
15944
15945
15946
15947
15948
15949
15950
15951
15952
15953
15954
15955
15956
15957
15958
15959
15960
15961
15962
15963
15964
15965
15966
15967
15968
15969
15970
15971
15972
15973
15974
15975
15976
15977
15978
15979
15980
15981
15982
15983
15984
15985
15986
15987
15988
15989
15990
15991
15992
15993
15994
15995
15996
15997
15998
15999
16000
16001
16002
16003
16004
16005
16006
16007
16008
16009
16010
16011
16012
16013
16014
16015
16016
16017
16018
16019
16020
16021
16022
16023
16024
16025
16026
16027
16028
16029
16030
16031
16032
16033
16034
16035
16036
16037
16038
16039
16040
16041
16042
16043
16044
16045
16046
16047
16048
16049
16050
16051
16052
16053
16054
16055
16056
16057
16058
16059
16060
16061
16062
16063
16064
16065
16066
16067
16068
16069
16070
16071
16072
16073
16074
16075
16076
16077
16078
16079
16080
16081
16082
16083
16084
16085
16086
16087
16088
16089
16090
16091
16092
16093
16094
16095
16096
16097
16098
16099
16100
16101
16102
16103
16104
16105
16106
16107
16108
16109
16110
16111
16112
16113
16114
16115
16116
16117
16118
16119
16120
16121
16122
16123
16124
16125
16126
16127
16128
16129
16130
16131
16132
16133
16134
16135
16136
16137
16138
16139
16140
16141
16142
16143
16144
16145
16146
16147
16148
16149
16150
16151
16152
16153
16154
16155
16156
16157
16158
16159
16160
16161
16162
16163
16164
16165
16166
16167
16168
16169
16170
16171
16172
16173
16174
16175
16176
16177
16178
16179
16180
16181
16182
16183
16184
16185
16186
16187
16188
16189
16190
16191
16192
16193
16194
16195
16196
16197
16198
16199
16200
16201
16202
16203
16204
16205
16206
16207
16208
16209
16210
16211
16212
16213
16214
16215
16216
16217
16218
16219
16220
16221
16222
16223
16224
16225
16226
16227
16228
16229
16230
16231
16232
16233
16234
16235
16236
16237
16238
16239
16240
16241
16242
16243
16244
16245
16246
16247
16248
16249
16250
16251
16252
16253
16254
16255
16256
16257
16258
16259
16260
16261
16262
16263
16264
16265
16266
16267
16268
16269
16270
16271
16272
16273
16274
16275
16276
16277
16278
16279
16280
16281
16282
16283
16284
16285
16286
16287
16288
16289
16290
16291
16292
16293
16294
16295
16296
16297
16298
16299
16300
16301
16302
16303
16304
16305
16306
16307
16308
16309
16310
16311
16312
16313
16314
16315
16316
16317
16318
16319
16320
16321
16322
16323
16324
16325
16326
16327
16328
16329
16330
16331
16332
16333
16334
16335
16336
16337
16338
16339
16340
16341
16342
16343
16344
16345
16346
16347
16348
16349
16350
16351
16352
16353
16354
16355
16356
16357
16358
16359
16360
16361
16362
16363
16364
16365
16366
16367
16368
16369
16370
16371
16372
16373
16374
16375
16376
16377
16378
16379
16380
16381
16382
16383
16384
16385
16386
16387
16388
16389
16390
16391
16392
16393
16394
16395
16396
16397
16398
16399
16400
16401
16402
16403
16404
16405
16406
16407
16408
16409
16410
16411
16412
16413
16414
16415
16416
16417
16418
16419
16420
16421
16422
16423
16424
16425
16426
16427
16428
16429
16430
16431
16432
16433
16434
16435
16436
16437
16438
16439
16440
16441
16442
16443
16444
16445
16446
16447
16448
16449
16450
16451
16452
16453
16454
16455
16456
16457
16458
16459
16460
16461
16462
16463
16464
16465
16466
16467
16468
16469
16470
16471
16472
16473
16474
16475
16476
16477
16478
16479
16480
16481
16482
16483
16484
16485
16486
16487
16488
16489
16490
16491
16492
16493
16494
16495
16496
16497
16498
16499
16500
16501
16502
16503
16504
16505
16506
16507
16508
16509
16510
16511
16512
16513
16514
16515
16516
16517
16518
16519
16520
16521
16522
16523
16524
16525
16526
16527
16528
16529
16530
16531
16532
16533
16534
16535
16536
16537
16538
16539
16540
16541
16542
16543
16544
16545
16546
16547
16548
16549
16550
16551
16552
16553
16554
16555
16556
16557
16558
16559
16560
16561
16562
16563
16564
16565
16566
16567
16568
16569
16570
16571
16572
16573
16574
16575
16576
16577
16578
16579
16580
16581
16582
16583
16584
16585
16586
16587
16588
16589
16590
16591
16592
16593
16594
16595
16596
16597
16598
16599
16600
16601
16602
16603
16604
16605
16606
16607
16608
16609
16610
16611
16612
16613
16614
16615
16616
16617
16618
16619
16620
16621
16622
16623
16624
16625
16626
16627
16628
16629
16630
16631
16632
16633
16634
16635
16636
16637
16638
16639
16640
16641
16642
16643
16644
16645
16646
16647
16648
16649
16650
16651
16652
16653
16654
16655
16656
16657
16658
16659
16660
16661
16662
16663
16664
16665
16666
16667
16668
16669
16670
16671
16672
16673
16674
16675
16676
16677
16678
16679
16680
16681
16682
16683
16684
16685
16686
16687
16688
16689
1668980
1668981
1668982
1668983
1668984
1668985
16690
16691
16692
16693
16694
16695
16696
16697
16698
16699
16700
16701
16702
16703
16704
16705
16706
16707
16708
16709
16710
16711
16712
16713
16714
16715
16716
16717
16718
16719
16720
16721
16722
16723
16724
16725
16726
16727
16728
16729
16730
16731
16732
16733
16734
16735
16736
16737
16738
16739
16740
16741
16742
16743
16744
16745
16746
16747
16748
16749
16750
16751
16752
16753
16754
16755
16756
16757
16758
16759
16760
16761
16762
16763
16764
16765
16766
16767
16768
16769
16770
16771
16772
16773
16774
16775
16776
16777
16778
16779
16780
16781
16782
16783
16784
16785
16786
16787
16788
16789
16790
16791
16792
16793
16794
16795
16796
16797
16798
16799
16800
16801
16802
16803
16804
16805
16806
16807
16808
16809
16810
16811
16812
16813
16814
16815
16816
16817
16818
16819
16820
16821
16822
16823
16824
16825
16826
16827
16828
16829
16830
16831
16832
16833
16834
16835
16836
16837
16838
16839
16840
16841
16842
16843
16844
16845
16846
16847
16848
16849
16850
16851
16852
16853
16854
16855
16856
16857
16858
16859
16860
16861
16862
16863
16864
16865
16866
16867
16868
16869
16870
16871
16872
16873
16874
16875
16876
16877
16878
16879
16880
16881
16882
16883
16884
16885
16886
16887
16888
16889
16890
16891
16892
16893
16894
16895
16896
16897
16898
16899
16900
16901
16902
16903
16904
16905
16906
16907
16908
16909
16910
16911
16912
16913
16914
16915
16916
16917
16918
16919
16920
16921
16922
16923
16924
16925
16926
16927
16928
16929
16930
16931
16932
16933
16934
16935
16936
16937
16938
16939
16940
16941
16942
16943
16944
16945
16946
16947
16948
16949
16950
16951
16952
16953
16954
16955
16956
16957
16958
16959
16960
16961
16962
16963
16964
16965
16966
16967
16968
16969
16970
16971
16972
16973
16974
16975
16976
16977
16978
16979
16980
16981
16982
16983
16984
16985
2210279
2210280
2210281
2210282
2210283
2210284
2210285
2210286
2210287
2210288
2210289
2210290
2210291
2210292
2210293
2210294
2210295
2210296
2210297
2210298
2210299
2210300
2210301
2210302
2210303
2210304
2210305
2210306
2210307
2210308
2210309
2210310
2210311
2210312
2210313
2210314
2210315
2210316
2210317
2210318
2210319
2210320
2210321
2210322
2210323
2210324
2210325
2210326
2210327
2210328
2210329
2210330
2210331
2210332
2210333
2210334
2210335
2210336
2210337
2210338
2210339
2210340
2210341
2210342
2210343
2210344
2210345
2210346
2210347
2210348
2210349
2210350
2210351
2210352
2210353
2210354
2210355
2210356
2210357
2210358
2210359
2210360
2210361
2210362
2210363
2210364
2210365
2210366
2210367
2210368
2210369
2210370
2210371
2210372
2210373
2210374
2210375
2210376
2210377
2210378
2210379
2210380
2210381
2210382
2210383
2210384
2210385
2210386
2210387
2210388
2210389
2210390
2210391
2210392
2210393
2210394
2210395
2210396
2210397
2210398
2210399
2210400
2210401
2210402
2210403
2210404
2210405
2210406
2210407
2210408
2210409
2210410
2210411
2210412
2210413
2210414
2210415
2210416
2210417
2210418
2210419
2210420
2210421
2210422
2210423
2210424
2210425
2210426
2210427
2210428
2210429
2210430
2210431
2210432
2210433
2210434
2210435
2210436
2210437
2210438
2210439
2210440
2210441
2210442
2210443
2210444
2210445
2210446
2210447
2210448
2210449
2210450
2210451
2210452
2210453
2210454
2210455
2210456
2210457
2210458
2210459
2210460
2210461
2210462
2210463
2210464
2210465
2210466
2210467
2210468
2210469
2210470
2210471
2210472
2210473
2210474
2210475
2210476
2210477
2210478
2210479
2210480
2210481
2210482
2210483
2210484
2210485
2210486
2210487
2210488
2210489
2210490
2210491
2210492
2210493
2210494
2210495
2210496
2210497
2210498
2210499
2210500
2210501
2210502
2210503
2210504
2210505
2210506
2210507
2210508
2210509
2210510
2210511
2210512
2210513
2210514
2210515
2210516
2210517
2210518
2210519
2210520
2210521
2210522
2210523
2210524
2210525
2210526
2210527
2210528
2210529
2210530
2210531
2210532
2210533
2210534
2210535
2210536
2210537
2210538
2210539
2210540
2210541
2210542
2210543
2210544
2210545
2210546
2210547
2210548
2210549
2210550
2210551
2210552
2210553
2210554
2210555
2210556
2210557
2210558
2210559
2210560
2210561
2210562
2210563
2210564
2210565
2210566
2210567
2210568
2210569
2210570
2210571
2210572
2210573
2210574
2210575
2210576
2210577
2210578
2210579
2210580
2210581
2210582
2210583
2210584
2210585
2210586
2210587
2210588
2210589
2210590
2210591
2210592
2210593
2210594
2210595
2210596
2210597
2210598
2210599
2210600
2210601
2210602
2210603
2210604
2210605
2210606
2210607
2210608
2210609
2210610
2210611
2210612
2210613
2210614
2210615
2210616
2210617
2210618
2210619
2210620
2210621
2210622
2210623
2210624
2210625
2210626
2210627
2210628
2210629
2210630
2210631
2210632
2210633
2210634
2210635
2210636
2210637
2210638
2210639
2210640
2210641
2210642
2210643
2210644
2210645
2210646
2210647
2210648
2210649
2210650
2210651
2210652
2210653
2210654
2210655
2210656
2210657
2210658
2210659
2210660
2210661
2210662
2210663
2210664
2210665
2210666
2210667
2210668
2210669
2210670
2210671
2210672
2210673
2210674
2210675
2210676
2210677
2210678
2210679
2210680
2210681
2210682
2210683
2210684
2210685
2210686
2210687
2210688
2210689
2210690
2210691
2210692
2210693
2210694
2210695
2210696
2210697
2210698
2210699
2210700
2210701
2210702
2210703
2210704
2210705
2210706
2210707
2210708
2210709
2210710
2210711
2210712
2210713
2210714
2210715
2210716
2210717
2210718
2210719
2210720
2210721
2210722
2210723
2210724
2210725
2210726
2210727
2210728
2210729
2210730
2210731
2210732
2210733
2210734
2210735
2210736
2210737
2210738
2210739
2210740
2210741
2210742
2210743
2210744
2210745
2210746
2210747
2210748
2210749
2210750
2210751
2210752
2210753
2210754
2210755
2210756
2210757
2210758
2210759
2210760
2210761
2210762
2210763
2210764
2210765
2210766
2210767
2210768
2210769
2210770
2210771
2210772
2210773
2210774
2210775
2210776
2210777
2210778
2210779
2210780
2210781
2210782
2210783
2210784
2210785
2210786
2210787
2210788
2210789
2210790
2210791
2210792
2210793
2210794
2210795
2210796
2210797
2210798
2210799
2210800
2210801
2210802
2210803
2210804
2210805
2210806
2210807
2210808
2210809
2210810
2210811
2210812
2210813
2210814
2210815
2210816
2210817
2210818
2210819
2210820
2210821
2210822
2210823
2210824
2210825
2210826
2210827
2210828
2210829
2210830
2210831
2210832
2210833
2210834
2210835
2210836
2210837
2210838
2210839
2210840
2210841
2210842
2210843
2210844
2210845
2210846
2210847
2210848
2210849
2210850
2210851
2210852
2210853
2210854
2210855
2210856
2210857
2210858
2210859
2210860
2210861
2210862
2210863
2210864
2210865
2210866
2210867
2210868
2210869
2210870
2210871
2210872
2210873
2210874
2210875
2210876
2210877
2210878
2210879
2210880
2210881
2210882
2210883
2210884
2210885
2210886
2210887
2210888
2210889
2210890
2210891
2210892
2210893
2210894
2210895
2210896
2210897
2210898
2210899
2210900
2210901
2210902
2210903
2210904
2210905
2210906
2210907
2210908
2210909
2210910
2210911
2210912
2210913
2210914
2210915
2210916
2210917
2210918
2210919
2210920
2210921
2210922
2210923
2210924
2210925
2210926
2210927
2210928
2210929
2210930
2210931
2210932
2210933
2210934
2210935
2210936
2210937
2210938
2210939
2210940
2210941
2210942
2210943
2210944
2210945
2210946
2210947
2210948
2210949
2210950
2210951
2210952
2210953
2210954
2210955
2210956
2210957
2210958
2210959
2210960
2210961
2210962
2210963
2210964
2210965
2210966
2210967
2210968
2210969
2210970
2210971
2210972
2210973
2210974
2210975
2210976
2210977
2210978
2210979
2210980
2210981
2210982
2210983
2210984
2210985
2210986
2210987
2210988
2210989
2210990
2210991
2210992
2210993
2210994
2210995
2210996
2210997
2210998
2210999
2211000
2211001
2211002
2211003
2211004
2211005
2211006
2211007
2211008
2211009
2211010
2211011
2211012
2211013
2211014
2211015
2211016
2211017
2211018
2211019
2211020
2211021
2211022
2211023
2211024
2211025
2211026
2211027
2211028
2211029
2211030
2211031
2211032
2211033
2211034
2211035
2211036
2211037
2211038
2211039
2211040
2211041
2211042
2211043
2211044
2211045
2211046
2211047
2211048
2211049
2211050
2211051
2211052
2211053
2211054
2211055
2211056
2211057
2211058
2211059
2211060
2211061
2211062
2211063
2211064
2211065
2211066
2211067
2211068
2211069
2211070
2211071
2211072
2211073
2211074
2211075
2211076
2211077
2211078
2211079
2211080
2211081
2211082
2211083
2211084
2211085
2211086
2211087
2211088
2211089
2211090
2211091
2211092
2211093
2211094
2211095
2211096
2211097
2211098
2211099
2211100
2211101
2211102
2211103
2211104
2211105
2211106
2211107
2211108
2211109
2211110
2211111
2211112
2211113
2211114
2211115
2211116
2211117
2211118
2211119
2211120
2211121
2211122
2211123
2211124
2211125
2211126
2211127
2211128
2211129
2211130
2211131
2211132
2211133
2211134
2211135
2211136
2211137
2211138
2211139
2211140
2211141
2211142
2211143
2211144
2211145
2211146
2211147
2211148
2211149
2211150
2211151
2211152
2211153
2211154
2211155
2211156
2211157
2211158
2211159
2211160
2211161
2211162
2211163
2211164
2211165
2211166
2211167
2211168
2211169
2211170
2211171
2211172
2211173
2211174
2211175
2211176
2211177
2211178
2211179
2211180
2211181
2211182
2211183
2211184
2211185
2211186
2211187
2211188
2211189
2211190
2211191
2211192
2211193
2211194
2211195
2211196
2211197
2211198
2211199
2211200
2211201
2211202
2211203
2211204
2211205
2211206
2211207
2211208
2211209
2211210
2211211
2211212
2211213
2211214
2211215
2211216
2211217
2211218
2211219
2211220
2211221
2211222
2211223
2211224
2211225
2211226
2211227
2211228
2211229
2211230
2211231
2211232
2211233
2211234
2211235
2211236
2211237
2211238
2211239
2211240
2211241
2211242
2211243
2211244
2211245
2211246
2211247
2211248
2211249
2211250
2211251
2211252
2211253
2211254
2211255
2211256
2211257
2211258
2211259
2211260
2211261
2211262
2211263
2211264
2211265
2211266
2211267
2211268
2211269
2211270
2211271
2211272
2211273
2211274
2211275
2211276
2211277
2211278
2211279
2211280
2211281
2211282
2211283
2211284
2211285
2211286
2211287
2211288
2211289
2211290
2211291
2211292
2211293
2211294
2211295
2211296
2211297
2211298
2211299
2211300
2211301
2211302
2211303
2211304
2211305
2211306
2211307
2211308
2211309
2211310
2211311
2211312
2211313
2211314
2211315
2211316
2211317
2211318
2211319
2211320
2211321
2211322
2211323
2211324
2211325
2211326
2211327
2211328
2211329
2211330
2211331
2211332
2211333
2211334
2211335
2211336
2211337
2211338
2211339
2211340
2211341
2211342
2211343
2211344
2211345
2211346
2211347
2211348
2211349
2211350
2211351
2211352
2211353
2211354
2211355
2211356
2211357
2211358
2211359
2211360
2211361
2211362
2211363
2211364
2211365
2211366
2211367
2211368
2211369
2211370
2211371
2211372
2211373
2211374
2211375
2211376
2211377
2211378
2211379
2211380
2211381
2211382
2211383
2211384
2211385
2211386
2211387
2211388
2211389
2211390
2211391
2211392
2211393
2211394
2211395
2211396
2211397
2211398
2211399
2211400
2211401
2211402
2211403
2211404
2211405
2211406
2211407
2211408
2211409
2211410
2211411
2211412
2211413
2211414
2211415
2211416
2211417
2211418
2211419
2211420
2211421
2211422
2211423
2211424
2211425
2211426
2211427
2211428
2211429
2211430
2211431
2211432
2211433
2211434
2211435
2211436
2211437
2211438
2211439
2211440
2211441
2211442
2211443
2211444
2211445
2211446
2211447
2211448
2211449
2211450
2211451
2211452
2211453
2211454
2211455
2211456
2211457
2211458
2211459
2211460
2211461
2211462
2211463
2211464
2211465
2211466
2211467
2284576
2341424
2341425
2341426
2341427
2341428
2341429
2341430
2341431
2341432
2341433
2341434
2341435
2341436
2341437
2341438
2341439
2341440
2341441
2341442
2341443
2341444
2341445
2341446
2341447
2341448
2341449
2341450
2341451
2341452
2341453
2341454
2341455
2341456
2341457
2341458
2341459
2341460
2341461
2341462
2341463
2341464
2341465
2341466
2341467
2341468
2341469
2341470
2341471
2341472
2341473
2341474
2341475
2341476
2341477
2341478
2341479
2341480
2341481
2341482
2341483
2341484
2341485
2341486
2341487
2341488
2341489
2341490
2341491
2341492
2341493
2341494
2341495
2341496
2341497
2341498
2341499
2341500
2341501
2341502
2341503
2341504
2341505
2341506
2341507
2341508
2341509
2341510
2341511
2341512
2341513
2341514
2341515
2341516
2341517
2341518
2341519
2341520
2341521
2341522
2341523
2341524
2341525
2341526
2341527
2341528
2341529
2341530
2341531
2341532
2341533
2341534
2341535
2341536
2341537
2341538
2341539
2341540
2341541
2341542
2341543
2341544
2341545
2341546
2341547
2341548
2341549
2341550
2341551
2341552
2341553
2341554
2341555
2341556
2341557
2341558
2341559
2341560
2341561
2341562
2341563
2341564
2341565
2341566
2341567
2341568
2847498
3049303
3049304
3049305
3049306
3049307
3049308
3049309
3049310
3049311
3049312
3049313
3049314
3049315
3049316
3049317
3049318
3049319
3049320
3049321
3049322
3049323
3049324
3049325
3049326
3049327
3049328
3049329
3049330
3049331
3049332
3049333
3049334
3049335
3049336
3049337
3049338
3049339
3049340
3049341
3049342
3049343
3049344
3049345
3049346
3049347
3049348
3049349
3049350
3049351
3049352
3049353
3049354
3049355
3049356
3049357
3049358
3049359
3147210
652557
652558
652559
652560
652561
652562
652563
652564
652565
652566
652567
652568
652569
652570
652571
652572
652573
652574
652575
652576
652577
652578
652579
652580
100000000
100000000
